::Porites_evermani_scaffold_1:1084867-1089422	::Pocillopora_meandrina_HIv1___Sc0000021:6201404-6204245	87.352	253	26	5	950	1199	1705	1954	1.51e-78	296
::Porites_evermani_scaffold_1000:165-4794	::Pocillopora_meandrina_HIv1___Sc0000003:1124110-1124552	88.889	252	8	3	3558	3796	63	307	6.10e-90	334
::Porites_evermani_scaffold_1014:106186-109731	::Pocillopora_meandrina_HIv1___xfSc0000092:25088-34291	89.313	131	14	0	1116	1246	7184	7314	2.76e-42	174
::Porites_evermani_scaffold_102:29596-40269	::Pocillopora_meandrina_HIv1___Sc0000021:6201404-6204245	83.133	249	32	6	9685	9925	1954	1708	1.96e-62	242
::Porites_evermani_scaffold_1025:3986-7543	::Pocillopora_meandrina_HIv1___Sc0000023:4021891-4022740	75.484	620	74	13	2183	2798	1	546	1.03e-123	445
::Porites_evermani_scaffold_1033:105112-105459	::Pocillopora_meandrina_HIv1___Sc0000002:13783747-13787660	80.208	288	49	6	63	347	285	3	5.93e-64	243
::Porites_evermani_scaffold_1041:107619-112502	::Pocillopora_meandrina_HIv1___Sc0000021:6201404-6204245	89.388	245	17	4	2329	2571	1952	1715	1.73e-84	315
::Porites_evermani_scaffold_106:143305-151344	::Pocillopora_meandrina_HIv1___Sc0000034:2035403-2045799	87.234	141	17	1	6270	6409	587	727	7.66e-41	170
::Porites_evermani_scaffold_107:496555-507485	::Pocillopora_meandrina_HIv1___Sc0000018:1543112-1577156	87.568	185	22	1	5250	5434	26444	26261	1.55e-57	227
::Porites_evermani_scaffold_109:169067-186430	::Pocillopora_meandrina_HIv1___Sc0000010:3794341-3794940	88.889	180	20	0	1990	2169	349	170	4.74e-60	235
::Porites_evermani_scaffold_1093:135387-138703	::Pocillopora_meandrina_HIv1___Sc0000010:11732681-11746782	81.522	276	46	2	858	1128	7422	7697	1.86e-69	264
::Porites_evermani_scaffold_11:221832-225040	::Pocillopora_meandrina_HIv1___Sc0000018:3348982-3349901	72.843	707	182	5	2321	3019	3	707	4.22e-109	397
::Porites_evermani_scaffold_110:130225-138728	::Pocillopora_meandrina_HIv1___Sc0000028:3565184-3606544	73.633	311	71	4	6161	6464	4955	5261	1.28e-44	184
::Porites_evermani_scaffold_1129:120124-123280	::Pocillopora_meandrina_HIv1___Sc0000007:13011707-13013842	73.674	528	139	0	1919	2446	972	1499	6.16e-88	326
::Porites_evermani_scaffold_1132:98094-100905	::Pocillopora_meandrina_HIv1___Sc0000007:430912-431398	83.735	166	26	1	734	898	480	315	2.19e-42	175
::Porites_evermani_scaffold_1132:104997-113796	::Pocillopora_meandrina_HIv1___Sc0000003:17654639-17713956	82.090	201	36	0	1782	1982	24847	24647	4.95e-50	201
::Porites_evermani_scaffold_1133:37343-39120	::Pocillopora_meandrina_HIv1___Sc0000042:1816147-1817004	85.859	297	29	2	677	961	295	590	3.02e-95	350
::Porites_evermani_scaffold_1133:81728-84515	::Pocillopora_meandrina_HIv1___Sc0000007:5058899-5066197	83.133	166	27	1	1834	1998	4638	4803	2.64e-41	170
::Porites_evermani_scaffold_1133:35065-39121	::Pocillopora_meandrina_HIv1___Sc0000042:1816147-1817004	86.441	295	28	1	655	937	295	589	1.34e-97	359
::Porites_evermani_scaffold_114:2332-2559	::Pocillopora_meandrina_HIv1___Sc0000002:18637762-18638075	86.344	227	31	0	1	227	307	81	2.69e-72	270
::Porites_evermani_scaffold_1141:135157-135808	::Pocillopora_meandrina_HIv1___Sc0000021:6201404-6204245	82.000	250	39	6	195	440	1954	1707	8.88e-59	227
::Porites_evermani_scaffold_1147:133462-149725	::Pocillopora_meandrina_HIv1___Sc0000021:6201404-6204245	87.449	247	28	3	15709	15953	1953	1708	5.41e-78	296
::Porites_evermani_scaffold_1148:11923-19659	::Pocillopora_meandrina_HIv1___Sc0000010:11732681-11746782	77.852	298	45	5	5148	5428	7700	7407	6.05e-61	237
::Porites_evermani_scaffold_1148:16491-19659	::Pocillopora_meandrina_HIv1___Sc0000010:11732681-11746782	77.852	298	45	5	580	860	7700	7407	2.47e-61	237
::Porites_evermani_scaffold_1155:107008-108771	::Pocillopora_meandrina_HIv1___Sc0000016:9144132-9145316	83.568	213	31	2	703	912	349	560	1.05e-56	222
::Porites_evermani_scaffold_1157:118121-127746	::Pocillopora_meandrina_HIv1___Sc0000040:892160-892627	78.333	420	69	6	1814	2213	418	1	8.57e-92	341
::Porites_evermani_scaffold_1167:131456-137400	::Pocillopora_meandrina_HIv1___Sc0000013:4519866-4552814	79.008	605	107	6	1536	2122	4615	4013	4.94e-143	510
::Porites_evermani_scaffold_119:4270-17173	::Pocillopora_meandrina_HIv1___Sc0000013:4519866-4552814	70.826	569	147	9	11780	12332	4019	4584	3.76e-66	255
::Porites_evermani_scaffold_1190:134030-134327	::Pocillopora_meandrina_HIv1___xfSc0000436:13824-17251	81.053	190	16	4	104	273	3202	3391	1.44e-45	181
::Porites_evermani_scaffold_1195:73401-73610	::Pocillopora_meandrina_HIv1___Sc0000021:6201404-6204245	88.406	138	16	0	5	142	1839	1976	1.19e-44	178
::Porites_evermani_scaffold_123:259257-262332	::Pocillopora_meandrina_HIv1___Sc0000005:13025223-13028555	88.841	233	22	4	2341	2572	204	433	4.32e-77	289
::Porites_evermani_scaffold_1230:38606-43742	::Pocillopora_meandrina_HIv1___Sc0000013:4519866-4552814	80.640	625	117	4	2675	3297	4625	4003	1.81e-160	568
::Porites_evermani_scaffold_1237:140655-141043	::Pocillopora_meandrina_HIv1___Sc0000011:5355451-5355866	99.715	351	1	0	38	388	415	65	4.49e-180	629
::Porites_evermani_scaffold_124:431173-436619	::Pocillopora_meandrina_HIv1___Sc0000018:1650781-1651777	88.636	176	19	1	1044	1219	588	762	2.68e-57	224
::Porites_evermani_scaffold_124:447059-447927	::Pocillopora_meandrina_HIv1___Sc0000016:6416134-6423413	78.330	443	85	8	376	815	5559	5125	7.53e-93	341
::Porites_evermani_scaffold_1244:54371-61964	::Pocillopora_meandrina_HIv1___Sc0000016:4094571-4185828	86.170	470	49	6	216	673	65433	65898	1.07e-152	543
::Porites_evermani_scaffold_1244:54619-55363	::Pocillopora_meandrina_HIv1___Sc0000016:4094571-4185828	87.872	437	37	6	1	425	65466	65898	4.31e-152	537
::Porites_evermani_scaffold_1247:41745-42064	::Pocillopora_meandrina_HIv1___Sc0000003:5811612-5812529	77.593	241	50	2	1	241	241	5	3.67e-47	187
::Porites_evermani_scaffold_1249:75175-79374	::Pocillopora_meandrina_HIv1___Sc0000010:11732681-11746782	80.412	291	50	3	383	666	7407	7697	2.87e-68	261
::Porites_evermani_scaffold_1253:33778-38287	::Pocillopora_meandrina_HIv1___Sc0000013:4519866-4552814	80.208	576	96	5	2585	3149	4009	4577	7.22e-146	519
::Porites_evermani_scaffold_1253:91148-116483	::Pocillopora_meandrina_HIv1___Sc0000028:3565184-3606544	83.306	599	64	12	15527	16107	27819	27239	2.93e-172	609
::Porites_evermani_scaffold_1258:24928-37769	::Pocillopora_meandrina_HIv1___Sc0000005:13039942-13041482	84.393	173	27	0	7412	7584	4	176	1.31e-46	191
::Porites_evermani_scaffold_1258:24935-37769	::Pocillopora_meandrina_HIv1___Sc0000005:13039942-13041482	84.393	173	27	0	7405	7577	4	176	1.31e-46	191
::Porites_evermani_scaffold_1258:28049-34136	::Pocillopora_meandrina_HIv1___Sc0000005:13039942-13041482	84.393	173	27	0	4291	4463	4	176	6.19e-47	191
::Porites_evermani_scaffold_1265:47321-52306	::Pocillopora_meandrina_HIv1___Sc0000009:9288018-9325698	91.411	326	22	3	3325	3646	21986	22309	2.79e-126	454
::Porites_evermani_scaffold_127:304550-307092	::Pocillopora_meandrina_HIv1___Sc0000028:3565184-3606544	73.897	272	64	2	2143	2408	5261	4991	8.40e-41	168
::Porites_evermani_scaffold_1270:68104-68348	::Pocillopora_meandrina_HIv1___Sc0000001:15069418-15077715	91.358	243	18	2	3	244	7564	7804	6.85e-93	338
::Porites_evermani_scaffold_13:417463-429063	::Pocillopora_meandrina_HIv1___Sc0000002:1852601-1853860	83.143	961	107	13	6979	7932	1	913	0.0	994
::Porites_evermani_scaffold_1303:38243-45423	::Pocillopora_meandrina_HIv1___xfSc0000092:25088-34291	90.076	131	13	0	3938	4068	7184	7314	4.61e-43	178
::Porites_evermani_scaffold_1304:36120-39924	::Pocillopora_meandrina_HIv1___Sc0000007:430912-431398	88.649	185	20	1	2515	2698	486	302	1.03e-60	236
::Porites_evermani_scaffold_131:84105-84826	::Pocillopora_meandrina_HIv1___Sc0000016:9144132-9145316	81.690	213	35	2	225	434	560	349	1.12e-51	204
::Porites_evermani_scaffold_132:167871-175174	::Pocillopora_meandrina_HIv1___Sc0000018:1543112-1577156	88.268	179	20	1	3933	4111	26442	26265	3.60e-57	225
::Porites_evermani_scaffold_132:170773-175174	::Pocillopora_meandrina_HIv1___Sc0000018:1543112-1577156	88.268	179	20	1	1031	1209	26442	26265	2.17e-57	225
::Porites_evermani_scaffold_1331:95266-95534	::Pocillopora_meandrina_HIv1___Sc0000021:1240639-1242092	91.837	196	16	0	2	197	513	708	5.12e-76	282
::Porites_evermani_scaffold_1369:115742-119138	::Pocillopora_meandrina_HIv1___Sc0000012:4718146-4719842	86.096	187	22	1	2932	3114	945	1131	7.09e-56	220
::Porites_evermani_scaffold_1369:118304-118993	::Pocillopora_meandrina_HIv1___Sc0000012:4718146-4719842	86.096	187	22	1	370	552	945	1131	1.40e-56	220
::Porites_evermani_scaffold_1379:121069-121299	::Pocillopora_meandrina_HIv1___Sc0000010:11732681-11746782	80.717	223	34	3	8	225	7475	7693	3.33e-52	204
::Porites_evermani_scaffold_138:201003-203079	::Pocillopora_meandrina_HIv1___Sc0000021:6201404-6204245	78.226	248	32	9	628	854	1707	1953	3.11e-45	184
::Porites_evermani_scaffold_138:201183-203890	::Pocillopora_meandrina_HIv1___Sc0000021:6201404-6204245	78.226	248	32	9	448	674	1707	1953	4.06e-45	184
::Porites_evermani_scaffold_1386:91175-97037	::Pocillopora_meandrina_HIv1___xfSc0000447:35948-36281	92.025	163	10	2	5252	5414	333	174	6.79e-59	230
::Porites_evermani_scaffold_139:202331-204157	::Pocillopora_meandrina_HIv1___Sc0000020:6307759-6309764	65.510	1786	600	14	6	1783	1797	20	2.38e-109	396
::Porites_evermani_scaffold_1392:44554-49577	::Pocillopora_meandrina_HIv1___Sc0000039:870119-871331	90.585	393	22	6	2937	3323	1049	666	4.45e-149	529
::Porites_evermani_scaffold_1398:69716-80169	::Pocillopora_meandrina_HIv1___Sc0000023:4021891-4022740	77.759	607	80	16	6419	7013	564	1	3.24e-129	464
::Porites_evermani_scaffold_1410:58583-60810	::Pocillopora_meandrina_HIv1___Sc0000042:1816147-1817004	84.918	305	36	3	1662	1965	590	295	6.86e-92	339
::Porites_evermani_scaffold_1414:111137-111618	::Pocillopora_meandrina_HIv1___Sc0000012:8848594-8849382	85.774	239	33	1	244	481	426	664	1.42e-73	275
::Porites_evermani_scaffold_1442:115672-121001	::Pocillopora_meandrina_HIv1___Sc0000002:13783747-13787660	78.966	290	51	7	4579	4863	285	1	7.52e-58	226
::Porites_evermani_scaffold_145:20919-25024	::Pocillopora_meandrina_HIv1___Sc0000016:3284931-3330363	91.406	384	19	3	1693	2075	21086	20716	1.65e-153	544
::Porites_evermani_scaffold_145:12752-17204	::Pocillopora_meandrina_HIv1___Sc0000003:1936252-1938769	72.785	316	59	8	2113	2408	754	446	4.23e-41	171
::Porites_evermani_scaffold_1470:3143-5228	::Pocillopora_meandrina_HIv1___Sc0000009:1720019-1735936	90.116	172	13	3	684	855	8563	8396	1.02e-57	224
::Porites_evermani_scaffold_1491:47219-47506	::Pocillopora_meandrina_HIv1___Sc0000012:4718146-4719842	89.286	196	16	2	94	284	944	1139	7.68e-68	255
::Porites_evermani_scaffold_1495:8987-27833	::Pocillopora_meandrina_HIv1___Sc0000001:1608714-1610699	85.197	304	45	0	5998	6301	1167	864	3.95e-93	346
::Porites_evermani_scaffold_1507:82734-87861	::Pocillopora_meandrina_HIv1___Sc0000009:9288018-9325698	87.462	327	23	9	2229	2544	22320	22001	1.49e-104	381
::Porites_evermani_scaffold_1513:100729-102493	::Pocillopora_meandrina_HIv1___Sc0000007:12134596-12137048	82.682	179	31	0	1249	1427	362	540	2.63e-45	184
::Porites_evermani_scaffold_1518:5604-5906	::Pocillopora_meandrina_HIv1___Sc0000002:69849-70114	84.000	200	14	7	1	190	216	25	1.57e-51	202
::Porites_evermani_scaffold_152:69178-76338	::Pocillopora_meandrina_HIv1___Sc0000013:7340619-7342412	69.087	482	143	6	884	1362	1791	1313	1.60e-42	177
::Porites_evermani_scaffold_152:69186-76545	::Pocillopora_meandrina_HIv1___Sc0000013:7340619-7342412	69.087	482	143	6	876	1354	1791	1313	1.65e-42	177
::Porites_evermani_scaffold_1526:96619-100786	::Pocillopora_meandrina_HIv1___Sc0000021:6176992-6177455	80.135	297	51	4	1430	1721	324	31	9.93e-68	260
::Porites_evermani_scaffold_1544:115230-119275	::Pocillopora_meandrina_HIv1___Sc0000003:13829190-13881520	93.731	335	16	4	2384	2716	2924	2593	2.12e-139	497
::Porites_evermani_scaffold_1548:23512-27608	::Pocillopora_meandrina_HIv1___Sc0000018:1543112-1577156	87.363	182	22	1	2687	2868	26261	26441	2.45e-56	222
::Porites_evermani_scaffold_1553:66885-86433	::Pocillopora_meandrina_HIv1___Sc0000010:6555536-6653229	88.152	211	11	3	4788	4995	69847	70046	9.04e-70	268
::Porites_evermani_scaffold_1564:100361-103530	::Pocillopora_meandrina_HIv1___Sc0000009:9288018-9325698	91.538	130	11	0	1088	1217	35483	35354	1.37e-45	186
::Porites_evermani_scaffold_1565:456-13483	::Pocillopora_meandrina_HIv1___Sc0000012:8848594-8849382	96.154	364	13	1	3787	4150	363	1	4.04e-167	590
::Porites_evermani_scaffold_1565:460-13483	::Pocillopora_meandrina_HIv1___Sc0000012:8848594-8849382	96.154	364	13	1	3783	4146	363	1	4.04e-167	590
::Porites_evermani_scaffold_159:278643-279718	::Pocillopora_meandrina_HIv1___Sc0000007:5150815-5153553	80.729	192	34	2	610	800	318	507	8.24e-43	174
::Porites_evermani_scaffold_1597:98387-102645	::Pocillopora_meandrina_HIv1___Sc0000016:8567893-8577769	86.047	172	20	2	359	527	6054	6224	2.91e-49	197
::Porites_evermani_scaffold_160:228967-229428	::Pocillopora_meandrina_HIv1___Sc0000006:3864927-3866075	84.354	441	49	3	1	440	525	104	3.41e-138	489
::Porites_evermani_scaffold_1608:44226-45462	::Pocillopora_meandrina_HIv1___Sc0000004:10300870-10302300	97.211	251	7	0	504	754	251	1	4.03e-117	422
::Porites_evermani_scaffold_1617:65714-68200	::Pocillopora_meandrina_HIv1___Sc0000013:4519866-4552814	81.549	439	69	6	311	746	4440	4011	1.48e-113	411
::Porites_evermani_scaffold_1623:924-10237	::Pocillopora_meandrina_HIv1___Sc0000010:3589271-3591172	74.581	358	69	7	1010	1363	1119	780	4.60e-57	224
::Porites_evermani_scaffold_1624:42955-44418	::Pocillopora_meandrina_HIv1___Sc0000013:4519866-4552814	73.746	339	86	3	1126	1461	4584	4246	2.84e-50	200
::Porites_evermani_scaffold_164:279868-283893	::Pocillopora_meandrina_HIv1___Sc0000026:2419797-2420316	91.429	175	15	0	3728	3902	345	519	1.73e-64	249
::Porites_evermani_scaffold_1654:0-3946	::Pocillopora_meandrina_HIv1___Sc0000042:1816147-1817004	83.838	297	36	2	232	516	294	590	9.40e-87	322
::Porites_evermani_scaffold_1656:13542-15454	::Pocillopora_meandrina_HIv1___Sc0000007:430912-431398	81.053	285	48	4	1334	1614	198	480	4.53e-68	259
::Porites_evermani_scaffold_1659:100492-105605	::Pocillopora_meandrina_HIv1___Sc0000002:6525391-6530812	71.933	538	95	13	3732	4250	1275	775	1.07e-74	282
::Porites_evermani_scaffold_167:277269-278815	::Pocillopora_meandrina_HIv1___Sc0000028:2192471-2193864	83.582	268	20	7	2	246	1388	1122	4.74e-73	276
::Porites_evermani_scaffold_167:401569-401832	::Pocillopora_meandrina_HIv1___xfSc0000616:4028-15295	90.000	130	10	1	2	128	10433	10304	1.87e-43	175
::Porites_evermani_scaffold_1685:60354-60934	::Pocillopora_meandrina_HIv1___Sc0000039:1112852-1113565	73.030	330	66	9	26	353	282	590	4.36e-43	175
::Porites_evermani_scaffold_1688:109951-110575	::Pocillopora_meandrina_HIv1___Sc0000045:376956-411104	73.469	539	139	2	81	617	2862	3398	1.44e-87	323
::Porites_evermani_scaffold_1693:70094-83564	::Pocillopora_meandrina_HIv1___Sc0000016:8567893-8577769	87.283	173	21	1	469	641	6054	6225	1.47e-52	210
::Porites_evermani_scaffold_1729:59398-64251	::Pocillopora_meandrina_HIv1___Sc0000007:5150815-5153553	79.803	203	38	2	419	621	517	318	1.09e-42	176
::Porites_evermani_scaffold_1733:55245-59173	::Pocillopora_meandrina_HIv1___Sc0000010:4357970-4360461	72.564	390	105	2	431	818	1382	993	3.49e-54	214
::Porites_evermani_scaffold_1750:98666-102889	::Pocillopora_meandrina_HIv1___Sc0000002:4061335-4065005	86.538	208	26	2	2217	2423	2250	2044	7.74e-63	242
::Porites_evermani_scaffold_1751:105396-106711	::Pocillopora_meandrina_HIv1___Sc0000021:6201404-6204245	76.800	250	42	8	548	789	1711	1952	4.31e-41	168
::Porites_evermani_scaffold_176:321748-326379	::Pocillopora_meandrina_HIv1___Sc0000016:4094571-4185828	87.615	436	39	6	2655	3078	65898	65466	4.10e-149	530
::Porites_evermani_scaffold_1760:43664-46961	::Pocillopora_meandrina_HIv1___Sc0000021:6201404-6204245	90.234	256	22	2	719	972	1710	1964	2.40e-93	343
::Porites_evermani_scaffold_1762:97137-100239	::Pocillopora_meandrina_HIv1___Sc0000026:4317655-4318091	77.652	264	47	7	2690	2945	18	277	3.14e-47	190
::Porites_evermani_scaffold_1779:54957-59172	::Pocillopora_meandrina_HIv1___Sc0000024:3105785-3107170	76.923	247	42	4	442	675	405	161	1.82e-45	185
::Porites_evermani_scaffold_1796:13673-22920	::Pocillopora_meandrina_HIv1___Sc0000021:6201404-6204245	82.353	255	37	6	2383	2634	1710	1959	7.23e-61	238
::Porites_evermani_scaffold_180:204555-211141	::Pocillopora_meandrina_HIv1___Sc0000007:12134596-12137048	79.039	229	36	4	916	1135	364	589	6.70e-47	190
::Porites_evermani_scaffold_180:40004-40529	::Pocillopora_meandrina_HIv1___Sc0000006:301171-302467	97.297	111	3	0	1	111	669	779	6.22e-47	187
::Porites_evermani_scaffold_1800:46422-47018	::Pocillopora_meandrina_HIv1___Sc0000021:6201404-6204245	90.164	244	20	3	231	471	1708	1950	1.37e-87	323
::Porites_evermani_scaffold_1809:56490-66259	::Pocillopora_meandrina_HIv1___Sc0000013:1713869-1714848	83.043	230	30	8	1765	1992	756	978	3.04e-53	212
::Porites_evermani_scaffold_181:4891-6884	::Pocillopora_meandrina_HIv1___xfSc0000092:25088-34291	89.394	132	12	1	1719	1850	7185	7314	5.39e-42	173
::Porites_evermani_scaffold_1810:37420-45660	::Pocillopora_meandrina_HIv1___Sc0000002:17078975-17083977	78.832	274	45	5	5477	5743	1757	2024	1.42e-56	223
::Porites_evermani_scaffold_1817:77240-79950	::Pocillopora_meandrina_HIv1___Sc0000006:8017108-8031033	85.757	337	47	1	745	1081	13448	13783	5.28e-107	389
::Porites_evermani_scaffold_1817:62484-63406	::Pocillopora_meandrina_HIv1___Sc0000021:6201404-6204245	80.952	231	37	7	664	889	1721	1949	7.51e-49	194
::Porites_evermani_scaffold_1829:57503-59357	::Pocillopora_meandrina_HIv1___Sc0000005:13025223-13028555	87.793	213	24	2	632	844	414	204	1.26e-68	260
::Porites_evermani_scaffold_1837:70936-85088	::Pocillopora_meandrina_HIv1___Sc0000013:4519866-4552814	84.507	213	26	3	6279	6490	4011	4217	5.74e-58	229
::Porites_evermani_scaffold_1850:98272-100660	::Pocillopora_meandrina_HIv1___Sc0000007:12134596-12137048	82.083	240	34	2	1007	1238	358	596	5.31e-62	239
::Porites_evermani_scaffold_1856:99256-100920	::Pocillopora_meandrina_HIv1___Sc0000034:2683197-2683663	89.706	136	8	3	626	761	324	453	1.29e-42	175
::Porites_evermani_scaffold_1875:94915-100448	::Pocillopora_meandrina_HIv1___Sc0000031:1606747-1612630	84.940	166	11	5	614	775	2563	2718	3.55e-43	178
::Porites_evermani_scaffold_1875:95253-100448	::Pocillopora_meandrina_HIv1___Sc0000031:1606747-1612630	84.940	166	11	5	276	437	2563	2718	3.33e-43	178
::Porites_evermani_scaffold_1892:10950-18370	::Pocillopora_meandrina_HIv1___Sc0000007:430912-431398	76.140	285	52	5	5341	5611	200	482	1.46e-49	200
::Porites_evermani_scaffold_1988:0-7042	::Pocillopora_meandrina_HIv1___Sc0000028:1038570-1040672	88.329	377	33	3	3454	3822	1323	1696	9.92e-134	479
::Porites_evermani_scaffold_1988:0-18022	::Pocillopora_meandrina_HIv1___Sc0000028:1038570-1040672	88.329	377	33	3	3454	3822	1323	1696	2.54e-133	479
::Porites_evermani_scaffold_1992:31473-37628	::Pocillopora_meandrina_HIv1___Sc0000004:4322721-4351838	77.003	287	52	10	4568	4846	5962	5682	2.18e-46	188
::Porites_evermani_scaffold_1996:66853-81579	::Pocillopora_meandrina_HIv1___Sc0000007:430912-431398	79.239	289	46	5	9778	10054	200	486	9.46e-62	242
::Porites_evermani_scaffold_2:576906-604636	::Pocillopora_meandrina_HIv1___Sc0000010:11732681-11746782	79.239	289	41	7	9262	9533	7693	7407	2.17e-60	237
::Porites_evermani_scaffold_2:576906-624012	::Pocillopora_meandrina_HIv1___Sc0000010:11732681-11746782	79.239	289	41	7	9262	9533	7693	7407	3.69e-60	237
::Porites_evermani_scaffold_20:398463-398682	::Pocillopora_meandrina_HIv1___Sc0000019:2992217-3007648	97.260	219	4	1	1	219	234	450	4.36e-101	366
::Porites_evermani_scaffold_20:491036-491353	::Pocillopora_meandrina_HIv1___Sc0000013:4519866-4552814	78.571	322	63	3	2	317	4092	4413	5.77e-70	262
::Porites_evermani_scaffold_2017:20908-25252	::Pocillopora_meandrina_HIv1___Sc0000011:7724147-7724597	98.805	251	3	0	1651	1901	450	200	5.35e-122	440
::Porites_evermani_scaffold_2022:21389-26517	::Pocillopora_meandrina_HIv1___Sc0000045:194327-214274	82.222	180	31	1	1206	1384	18097	17918	3.29e-43	178
::Porites_evermani_scaffold_2054:27107-34403	::Pocillopora_meandrina_HIv1___xfSc0000284:24463-25814	86.925	826	54	8	5396	6174	1	819	0.0	1016
::Porites_evermani_scaffold_2054:74869-75180	::Pocillopora_meandrina_HIv1___Sc0000011:4691233-4691586	81.851	281	51	0	29	309	18	298	2.56e-74	278
::Porites_evermani_scaffold_2094:21618-23365	::Pocillopora_meandrina_HIv1___Sc0000025:4389939-4399665	74.413	426	94	5	879	1300	7307	6893	7.97e-71	269
::Porites_evermani_scaffold_2105:72365-81708	::Pocillopora_meandrina_HIv1___Sc0000025:3077577-3108014	73.270	318	34	9	8598	8900	18254	17973	2.24e-48	196
::Porites_evermani_scaffold_2110:28574-30188	::Pocillopora_meandrina_HIv1___Sc0000003:13829190-13881520	93.750	160	6	3	1	159	2768	2924	1.52e-60	234
::Porites_evermani_scaffold_212:97741-121724	::Pocillopora_meandrina_HIv1___Sc0000013:3692097-3718248	88.947	190	13	4	13762	13951	23374	23193	1.88e-60	238
::Porites_evermani_scaffold_2122:51824-63589	::Pocillopora_meandrina_HIv1___Sc0000021:6201404-6204245	81.818	231	37	5	11220	11447	1953	1725	1.28e-52	210
::Porites_evermani_scaffold_2122:58568-70000	::Pocillopora_meandrina_HIv1___Sc0000021:6201404-6204245	81.818	231	37	5	4476	4703	1953	1725	1.24e-52	210
::Porites_evermani_scaffold_216:118179-143293	::Pocillopora_meandrina_HIv1___Sc0000020:2020327-2021889	87.065	201	24	1	18817	19017	1014	1212	4.63e-62	243
::Porites_evermani_scaffold_216:118324-141838	::Pocillopora_meandrina_HIv1___Sc0000020:2020327-2021889	87.065	201	24	1	18672	18872	1014	1212	4.33e-62	243
::Porites_evermani_scaffold_2166:66843-70377	::Pocillopora_meandrina_HIv1___Sc0000007:12134596-12137048	82.883	222	29	2	2037	2250	583	363	1.43e-58	229
::Porites_evermani_scaffold_2169:24195-24629	::Pocillopora_meandrina_HIv1___Sc0000011:5355451-5355866	98.765	405	1	1	1	405	15	415	0.0	708
::Porites_evermani_scaffold_2169:24898-25145	::Pocillopora_meandrina_HIv1___Sc0000011:5355451-5355866	97.976	247	1	1	1	247	15	257	2.12e-118	423
::Porites_evermani_scaffold_218:196541-196983	::Pocillopora_meandrina_HIv1___Sc0000000:4012216-4012427	93.220	118	6	1	65	180	133	16	3.27e-43	175
::Porites_evermani_scaffold_2220:58286-78736	::Pocillopora_meandrina_HIv1___Sc0000030:4514777-4515900	68.219	1224	257	26	7840	9034	3	1123	3.29e-126	456
::Porites_evermani_scaffold_2254:66970-69840	::Pocillopora_meandrina_HIv1___Sc0000017:2599021-2618430	90.066	151	12	2	1053	1202	10251	10399	5.61e-50	199
::Porites_evermani_scaffold_2256:12183-14624	::Pocillopora_meandrina_HIv1___Sc0000009:9660205-9705012	83.013	312	34	6	2136	2441	21336	21038	8.59e-85	315
::Porites_evermani_scaffold_2261:60966-62089	::Pocillopora_meandrina_HIv1___Sc0000010:3794341-3794940	91.525	177	15	0	481	657	175	351	3.91e-66	252
::Porites_evermani_scaffold_2297:658-11282	::Pocillopora_meandrina_HIv1___Sc0000007:12134596-12137048	80.426	235	39	2	609	837	363	596	9.48e-54	214
::Porites_evermani_scaffold_23:780217-797393	::Pocillopora_meandrina_HIv1___Sc0000007:430912-431398	78.846	208	31	2	15505	15712	486	292	3.16e-43	180
::Porites_evermani_scaffold_23:115107-116712	::Pocillopora_meandrina_HIv1___Sc0000026:1909359-1911802	99.104	335	3	0	1230	1564	1966	1632	4.91e-168	591
::Porites_evermani_scaffold_2327:26773-27063	::Pocillopora_meandrina_HIv1___Sc0000019:2994203-3008316	93.080	289	20	0	2	290	7308	7020	4.89e-121	432
::Porites_evermani_scaffold_235:129558-166794	::Pocillopora_meandrina_HIv1___Sc0000040:892160-892627	80.182	439	60	8	10698	11132	416	1	7.31e-106	389
::Porites_evermani_scaffold_24:86233-87077	::Pocillopora_meandrina_HIv1___Sc0000012:4718146-4719842	90.345	145	10	1	704	844	1139	995	5.63e-50	198
::Porites_evermani_scaffold_24:747618-749747	::Pocillopora_meandrina_HIv1___Sc0000018:7346361-7347163	78.693	352	64	6	1258	1607	338	680	1.54e-74	280
::Porites_evermani_scaffold_241:222511-224262	::Pocillopora_meandrina_HIv1___Sc0000010:11732681-11746782	82.171	258	36	5	1250	1497	7658	7401	9.12e-64	245
::Porites_evermani_scaffold_2423:72599-72894	::Pocillopora_meandrina_HIv1___Sc0000010:11732681-11746782	83.333	294	44	2	3	291	7700	7407	4.99e-83	306
::Porites_evermani_scaffold_2438:23251-35096	::Pocillopora_meandrina_HIv1___Sc0000021:6201404-6204245	88.163	245	26	2	6695	6937	1950	1707	2.18e-81	306
::Porites_evermani_scaffold_2438:23251-39434	::Pocillopora_meandrina_HIv1___Sc0000021:6201404-6204245	88.163	245	26	2	6695	6937	1950	1707	2.98e-81	306
::Porites_evermani_scaffold_2457:58193-60451	::Pocillopora_meandrina_HIv1___Sc0000021:6201404-6204245	78.138	247	46	8	1522	1763	1707	1950	1.75e-42	174
::Porites_evermani_scaffold_2463:57635-57854	::Pocillopora_meandrina_HIv1___Sc0000014:9147185-9153231	80.000	215	39	3	8	219	2167	1954	8.45e-47	185
::Porites_evermani_scaffold_2473:5281-13499	::Pocillopora_meandrina_HIv1___xfSc0000092:25088-34291	91.473	129	11	0	541	669	7314	7186	1.24e-44	184
::Porites_evermani_scaffold_248:333726-333953	::Pocillopora_meandrina_HIv1___Sc0000010:6271566-6326750	80.870	230	16	4	25	227	52587	52815	1.00e-58	224
::Porites_evermani_scaffold_2486:70077-72458	::Pocillopora_meandrina_HIv1___Sc0000004:9667618-9667940	89.394	330	26	2	1475	1803	1	322	1.02e-121	437
::Porites_evermani_scaffold_2489:24345-24597	::Pocillopora_meandrina_HIv1___Sc0000016:8496978-8504981	80.488	246	48	0	3	248	1280	1525	9.25e-60	228
::Porites_evermani_scaffold_2500:12655-19358	::Pocillopora_meandrina_HIv1___Sc0000009:9660205-9705012	82.927	492	55	10	5572	6056	17161	16692	5.22e-137	490
::Porites_evermani_scaffold_251:131351-135625	::Pocillopora_meandrina_HIv1___Sc0000017:1061090-1061638	71.888	498	138	1	2296	2791	548	51	2.40e-69	265
::Porites_evermani_scaffold_2550:60706-63006	::Pocillopora_meandrina_HIv1___Sc0000004:4322721-4351838	77.258	299	56	6	1820	2115	5964	5675	1.67e-55	217
::Porites_evermani_scaffold_2557:29152-53694	::Pocillopora_meandrina_HIv1___Sc0000018:7346361-7347163	75.272	368	77	8	21875	22238	680	323	2.85e-58	231
::Porites_evermani_scaffold_2557:29992-53694	::Pocillopora_meandrina_HIv1___Sc0000018:7346361-7347163	75.272	368	77	8	21035	21398	680	323	2.75e-58	231
::Porites_evermani_scaffold_2557:30088-53694	::Pocillopora_meandrina_HIv1___Sc0000018:7346361-7347163	75.272	368	77	8	20939	21302	680	323	2.74e-58	231
::Porites_evermani_scaffold_2557:31014-53694	::Pocillopora_meandrina_HIv1___Sc0000018:7346361-7347163	75.272	368	77	8	20013	20376	680	323	2.64e-58	231
::Porites_evermani_scaffold_259:48324-51311	::Pocillopora_meandrina_HIv1___Sc0000010:8673696-8673995	79.638	221	13	3	540	728	221	1	9.25e-54	212
::Porites_evermani_scaffold_259:291418-299659	::Pocillopora_meandrina_HIv1___Sc0000042:1816147-1817004	87.584	298	29	2	4384	4674	294	590	1.51e-100	370
::Porites_evermani_scaffold_2594:38933-40331	::Pocillopora_meandrina_HIv1___Sc0000010:3794341-3794940	89.944	179	17	1	208	386	172	349	3.09e-62	239
::Porites_evermani_scaffold_2595:13610-15628	::Pocillopora_meandrina_HIv1___Sc0000021:6201404-6204245	87.413	143	17	1	131	272	1958	1816	1.56e-42	174
::Porites_evermani_scaffold_2595:67730-69537	::Pocillopora_meandrina_HIv1___Sc0000010:11732681-11746782	79.649	285	52	3	1120	1399	7690	7407	9.41e-64	245
::Porites_evermani_scaffold_2598:8836-9846	::Pocillopora_meandrina_HIv1___Sc0000021:6201404-6204245	81.673	251	41	5	94	341	1704	1952	4.00e-59	228
::Porites_evermani_scaffold_26:99458-106224	::Pocillopora_meandrina_HIv1___Sc0000021:6201404-6204245	76.190	252	45	5	2537	2776	1708	1956	1.52e-42	176
::Porites_evermani_scaffold_26:107986-111552	::Pocillopora_meandrina_HIv1___Sc0000040:892160-892627	80.000	240	40	6	2249	2487	233	1	2.44e-49	197
::Porites_evermani_scaffold_261:116152-116652	::Pocillopora_meandrina_HIv1___Sc0000011:5356310-5357137	98.127	267	5	0	5	271	267	1	6.29e-129	460
::Porites_evermani_scaffold_261:307296-307502	::Pocillopora_meandrina_HIv1___Sc0000010:11732681-11746782	79.208	202	39	3	6	205	7647	7447	7.38e-41	165
::Porites_evermani_scaffold_2628:0-6557	::Pocillopora_meandrina_HIv1___Sc0000021:6201404-6204245	84.252	254	20	3	5168	5402	1701	1953	1.37e-74	283
::Porites_evermani_scaffold_2629:24831-51128	::Pocillopora_meandrina_HIv1___Sc0000042:853654-896918	77.936	281	52	5	19799	20072	23503	23780	2.35e-53	214
::Porites_evermani_scaffold_2629:25888-51128	::Pocillopora_meandrina_HIv1___Sc0000042:853654-896918	77.936	281	52	5	18742	19015	23503	23780	2.26e-53	214
::Porites_evermani_scaffold_2629:28730-51128	::Pocillopora_meandrina_HIv1___Sc0000042:853654-896918	77.936	281	52	5	15900	16173	23503	23780	2.00e-53	214
::Porites_evermani_scaffold_2629:33825-51128	::Pocillopora_meandrina_HIv1___Sc0000042:853654-896918	77.936	281	52	5	10805	11078	23503	23780	1.55e-53	214
::Porites_evermani_scaffold_2629:40024-51128	::Pocillopora_meandrina_HIv1___Sc0000042:853654-896918	77.936	281	52	5	4606	4879	23503	23780	9.91e-54	214
::Porites_evermani_scaffold_2659:20280-24362	::Pocillopora_meandrina_HIv1___Sc0000007:3080149-3084140	81.915	188	33	1	3091	3277	2390	2203	6.15e-45	183
::Porites_evermani_scaffold_2660:26197-27277	::Pocillopora_meandrina_HIv1___Sc0000018:1543112-1577156	87.912	182	21	1	210	391	26261	26441	1.50e-58	226
::Porites_evermani_scaffold_2661:23424-24855	::Pocillopora_meandrina_HIv1___Sc0000006:2591375-2591853	98.947	380	4	0	1052	1431	478	99	0.0	668
::Porites_evermani_scaffold_2665:18147-35430	::Pocillopora_meandrina_HIv1___Sc0000002:5869978-5870622	92.663	368	21	3	8226	8590	1	365	3.61e-150	535
::Porites_evermani_scaffold_2669:41388-46993	::Pocillopora_meandrina_HIv1___Sc0000003:2963982-2964388	92.708	288	10	5	3678	3964	362	85	9.61e-114	413
::Porites_evermani_scaffold_2671:0-6124	::Pocillopora_meandrina_HIv1___Sc0000021:6201404-6204245	82.051	195	19	3	5941	6120	1746	1939	1.46e-48	196
::Porites_evermani_scaffold_2691:59808-65632	::Pocillopora_meandrina_HIv1___Sc0000010:11732681-11746782	79.933	299	51	4	1959	2252	7701	7407	1.39e-67	260
::Porites_evermani_scaffold_2692:5791-9485	::Pocillopora_meandrina_HIv1___xfSc0000092:25088-34291	87.671	146	17	1	686	830	7169	7314	6.77e-44	179
::Porites_evermani_scaffold_270:87656-96265	::Pocillopora_meandrina_HIv1___Sc0000012:9265210-9269624	81.148	244	44	2	4171	4414	1494	1253	1.22e-57	226
::Porites_evermani_scaffold_272:103351-109459	::Pocillopora_meandrina_HIv1___Sc0000042:1816147-1817004	87.197	289	36	1	1642	1930	590	303	3.01e-95	352
::Porites_evermani_scaffold_2737:49990-52456	::Pocillopora_meandrina_HIv1___Sc0000021:6201404-6204245	78.313	249	40	7	1950	2191	1952	1711	3.04e-46	187
::Porites_evermani_scaffold_2738:3115-5736	::Pocillopora_meandrina_HIv1___Sc0000021:6201404-6204245	92.405	237	15	2	594	828	1715	1950	2.32e-92	341
::Porites_evermani_scaffold_275:82648-84863	::Pocillopora_meandrina_HIv1___Sc0000016:8567893-8577769	87.356	174	21	1	415	588	6054	6226	6.84e-54	212
::Porites_evermani_scaffold_275:85637-86917	::Pocillopora_meandrina_HIv1___Sc0000002:15133111-15134887	78.182	220	43	3	364	578	1700	1481	3.44e-42	172
::Porites_evermani_scaffold_277:247085-251861	::Pocillopora_meandrina_HIv1___Sc0000021:6201404-6204245	83.333	246	22	4	3147	3375	1950	1707	1.14e-67	259
::Porites_evermani_scaffold_2861:56139-59718	::Pocillopora_meandrina_HIv1___Sc0000008:10157512-10157723	83.333	168	23	2	2414	2580	1	164	9.73e-42	173
::Porites_evermani_scaffold_287:85598-100745	::Pocillopora_meandrina_HIv1___Sc0000010:3183756-3184341	94.692	584	30	1	2016	2599	585	3	0.0	911
::Porites_evermani_scaffold_287:85649-100745	::Pocillopora_meandrina_HIv1___Sc0000010:3183756-3184341	94.692	584	30	1	1965	2548	585	3	0.0	911
::Porites_evermani_scaffold_2896:21191-49288	::Pocillopora_meandrina_HIv1___Sc0000010:11732681-11746782	74.086	301	59	4	1810	2105	7407	7693	2.86e-46	191
::Porites_evermani_scaffold_297:10544-11728	::Pocillopora_meandrina_HIv1___Sc0000013:4519866-4552814	80.725	607	95	4	484	1088	4623	4037	1.18e-161	570
::Porites_evermani_scaffold_2977:23647-24624	::Pocillopora_meandrina_HIv1___Sc0000036:2829097-2836908	75.352	426	86	11	304	714	2021	1600	1.87e-69	263
::Porites_evermani_scaffold_298:89325-89885	::Pocillopora_meandrina_HIv1___Sc0000007:5908202-5908795	91.489	141	12	0	1	141	589	449	3.02e-51	201
::Porites_evermani_scaffold_3001:644-4745	::Pocillopora_meandrina_HIv1___Sc0000007:430912-431398	76.404	267	56	5	2182	2443	201	465	2.16e-44	182
::Porites_evermani_scaffold_3011:39398-52496	::Pocillopora_meandrina_HIv1___Sc0000021:6201404-6204245	81.855	248	20	4	10573	10801	1715	1956	1.62e-64	250
::Porites_evermani_scaffold_3030:17550-18046	::Pocillopora_meandrina_HIv1___Sc0000016:4094571-4185828	82.227	467	72	2	1	467	79338	79793	3.45e-132	470
::Porites_evermani_scaffold_3078:1065-6139	::Pocillopora_meandrina_HIv1___Sc0000012:9265210-9269624	80.645	217	33	3	953	1161	1253	1468	3.47e-49	197
::Porites_evermani_scaffold_3078:13059-13753	::Pocillopora_meandrina_HIv1___Sc0000014:9147185-9153231	70.105	475	112	8	223	694	2407	1960	2.55e-53	208
::Porites_evermani_scaffold_312:226047-226284	::Pocillopora_meandrina_HIv1___Sc0000007:12134596-12137048	84.685	222	25	2	3	216	362	582	3.22e-65	247
::Porites_evermani_scaffold_3177:47136-51025	::Pocillopora_meandrina_HIv1___Sc0000021:6201404-6204245	82.114	246	39	5	3231	3473	1950	1707	1.57e-58	228
::Porites_evermani_scaffold_318:222310-233737	::Pocillopora_meandrina_HIv1___Sc0000013:5875474-5875719	81.277	235	37	4	2671	2900	2	234	1.02e-53	214
::Porites_evermani_scaffold_318:276232-278489	::Pocillopora_meandrina_HIv1___Sc0000010:11732681-11746782	83.333	300	41	4	1608	1898	7700	7401	4.11e-82	306
::Porites_evermani_scaffold_3184:35672-35914	::Pocillopora_meandrina_HIv1___Sc0000003:19347283-19357644	77.922	231	45	3	10	240	4298	4074	4.02e-45	179
::Porites_evermani_scaffold_3197:24317-26256	::Pocillopora_meandrina_HIv1___Sc0000028:3565184-3606544	85.421	487	55	3	472	948	27316	27796	1.01e-158	560
::Porites_evermani_scaffold_32:679788-682353	::Pocillopora_meandrina_HIv1___Sc0000042:1816147-1817004	87.789	303	28	3	2257	2550	289	591	1.10e-102	375
::Porites_evermani_scaffold_320:89670-97079	::Pocillopora_meandrina_HIv1___Sc0000013:4519866-4552814	70.279	609	142	12	2911	3513	4009	4584	4.16e-69	264
::Porites_evermani_scaffold_321:10523-16975	::Pocillopora_meandrina_HIv1___Sc0000029:67311-80532	80.498	241	36	5	1833	2064	11937	12175	7.01e-53	211
::Porites_evermani_scaffold_3239:8580-8876	::Pocillopora_meandrina_HIv1___Sc0000001:19327212-19331814	86.598	291	29	5	8	296	3356	3074	2.96e-92	336
::Porites_evermani_scaffold_3307:19765-22437	::Pocillopora_meandrina_HIv1___Sc0000028:967617-968566	89.296	355	36	2	743	1097	688	336	2.88e-129	462
::Porites_evermani_scaffold_332:277792-281068	::Pocillopora_meandrina_HIv1___Sc0000007:12134596-12137048	81.667	240	34	2	1936	2167	595	358	8.89e-61	235
::Porites_evermani_scaffold_332:226118-226625	::Pocillopora_meandrina_HIv1___Sc0000006:301171-302467	93.130	262	18	0	244	505	918	657	7.78e-109	392
::Porites_evermani_scaffold_3419:30975-37690	::Pocillopora_meandrina_HIv1___Sc0000021:6201404-6204245	89.558	249	23	2	2204	2450	1707	1954	1.32e-87	326
::Porites_evermani_scaffold_3429:782-1937	::Pocillopora_meandrina_HIv1___Sc0000010:6555536-6653229	93.511	262	16	1	432	692	70024	69763	1.82e-108	393
::Porites_evermani_scaffold_3450:8048-10258	::Pocillopora_meandrina_HIv1___Sc0000004:12629949-12633118	80.105	191	34	2	283	469	329	519	7.29e-41	168
::Porites_evermani_scaffold_347:50347-57730	::Pocillopora_meandrina_HIv1___Sc0000007:5150815-5153553	81.250	192	33	2	2070	2261	506	318	4.74e-43	178
::Porites_evermani_scaffold_3476:29714-30908	::Pocillopora_meandrina_HIv1___Sc0000007:6531569-6619969	99.330	1194	8	0	1	1194	86610	85417	0.0	2118
::Porites_evermani_scaffold_3476:29694-39482	::Pocillopora_meandrina_HIv1___Sc0000007:6531569-6619969	99.256	1612	12	0	1	1612	86630	85019	0.0	2854
::Porites_evermani_scaffold_350:196886-197104	::Pocillopora_meandrina_HIv1___Sc0000013:4519866-4552814	80.645	217	41	1	2	218	4354	4569	3.81e-51	199
::Porites_evermani_scaffold_3509:12859-22384	::Pocillopora_meandrina_HIv1___Sc0000010:11732681-11746782	76.610	295	38	4	4579	4843	7407	7700	3.17e-59	232
::Porites_evermani_scaffold_3509:12859-36383	::Pocillopora_meandrina_HIv1___Sc0000010:11732681-11746782	76.610	295	38	4	4579	4843	7407	7700	7.83e-59	232
::Porites_evermani_scaffold_352:161103-170864	::Pocillopora_meandrina_HIv1___Sc0000010:11732681-11746782	82.192	292	47	2	100	386	7700	7409	4.81e-76	288
::Porites_evermani_scaffold_3526:42282-43654	::Pocillopora_meandrina_HIv1___Sc0000026:2916303-2923640	78.723	376	72	2	408	779	1044	673	1.37e-85	316
::Porites_evermani_scaffold_358:3158-6210	::Pocillopora_meandrina_HIv1___Sc0000012:9265210-9269624	80.932	236	42	3	1993	2227	1486	1253	9.46e-54	213
::Porites_evermani_scaffold_3599:16504-25966	::Pocillopora_meandrina_HIv1___Sc0000003:17654639-17713956	80.569	211	37	3	4976	5185	39831	39624	1.17e-45	187
::Porites_evermani_scaffold_3599:16539-25265	::Pocillopora_meandrina_HIv1___Sc0000003:17654639-17713956	80.569	211	37	3	4941	5150	39831	39624	1.08e-45	187
::Porites_evermani_scaffold_3599:16539-25966	::Pocillopora_meandrina_HIv1___Sc0000003:17654639-17713956	80.569	211	37	3	4941	5150	39831	39624	1.17e-45	187
::Porites_evermani_scaffold_36:254752-256574	::Pocillopora_meandrina_HIv1___Sc0000012:4718146-4719842	86.364	176	14	4	1175	1343	1116	944	1.01e-50	201
::Porites_evermani_scaffold_3646:9947-13415	::Pocillopora_meandrina_HIv1___Sc0000016:9145707-9150595	75.120	418	77	14	2774	3178	1142	1545	5.21e-64	247
::Porites_evermani_scaffold_3651:5736-5980	::Pocillopora_meandrina_HIv1___Sc0000021:6201404-6204245	93.033	244	14	2	1	242	1708	1950	7.31e-99	358
::Porites_evermani_scaffold_3665:63-3996	::Pocillopora_meandrina_HIv1___Sc0000013:4519866-4552814	83.613	238	38	1	2548	2785	4249	4013	4.86e-65	251
::Porites_evermani_scaffold_367:285617-288725	::Pocillopora_meandrina_HIv1___Sc0000043:1728755-1728999	84.091	176	20	2	152	319	204	29	3.15e-47	190
::Porites_evermani_scaffold_3677:4136-5886	::Pocillopora_meandrina_HIv1___Sc0000012:9265210-9269624	79.724	217	35	3	1128	1336	1253	1468	6.14e-47	188
::Porites_evermani_scaffold_368:185566-201612	::Pocillopora_meandrina_HIv1___Sc0000009:5741188-5796545	67.742	930	291	5	6615	7541	17230	18153	6.94e-83	311
::Porites_evermani_scaffold_368:186759-201612	::Pocillopora_meandrina_HIv1___Sc0000009:5741188-5796545	67.742	930	291	5	5422	6348	17230	18153	6.43e-83	311
::Porites_evermani_scaffold_3683:29171-39108	::Pocillopora_meandrina_HIv1___Sc0000021:6201404-6204245	90.947	243	19	2	4559	4799	1949	1708	1.31e-89	334
::Porites_evermani_scaffold_3698:29242-39683	::Pocillopora_meandrina_HIv1___Sc0000005:2635107-2635603	96.552	174	6	0	1767	1940	493	320	5.15e-76	288
::Porites_evermani_scaffold_371:170265-190848	::Pocillopora_meandrina_HIv1___Sc0000021:6201404-6204245	80.658	243	38	7	14560	14799	1952	1716	3.32e-50	204
::Porites_evermani_scaffold_3729:702-9937	::Pocillopora_meandrina_HIv1___Sc0000021:6201404-6204245	88.755	249	25	2	7190	7436	1954	1707	9.38e-85	317
::Porites_evermani_scaffold_375:99705-105227	::Pocillopora_meandrina_HIv1___Sc0000029:2849084-2852125	80.851	188	36	0	675	862	2577	2764	3.54e-43	178
::Porites_evermani_scaffold_375:98753-103025	::Pocillopora_meandrina_HIv1___Sc0000029:2849084-2852125	80.851	188	36	0	1627	1814	2577	2764	2.74e-43	178
::Porites_evermani_scaffold_375:98753-105250	::Pocillopora_meandrina_HIv1___Sc0000029:2849084-2852125	80.851	188	36	0	1627	1814	2577	2764	4.17e-43	178
::Porites_evermani_scaffold_3774:23555-25149	::Pocillopora_meandrina_HIv1___Sc0000003:19347283-19357644	78.841	794	168	0	339	1132	4020	4813	0.0	675
::Porites_evermani_scaffold_3774:25453-37865	::Pocillopora_meandrina_HIv1___Sc0000020:1149465-1173431	78.157	293	53	5	1802	2088	7281	6994	5.03e-58	228
::Porites_evermani_scaffold_3840:29573-35597	::Pocillopora_meandrina_HIv1___Sc0000042:1816147-1817004	88.789	223	23	1	5319	5539	515	293	2.97e-76	288
::Porites_evermani_scaffold_3840:31906-35597	::Pocillopora_meandrina_HIv1___Sc0000042:1816147-1817004	88.789	223	23	1	2986	3206	515	293	1.81e-76	288
::Porites_evermani_scaffold_3841:34156-36728	::Pocillopora_meandrina_HIv1___Sc0000021:6201404-6204245	79.435	248	29	6	1611	1840	1953	1710	2.78e-53	211
::Porites_evermani_scaffold_3863:21152-24638	::Pocillopora_meandrina_HIv1___Sc0000009:9288018-9325698	80.162	247	33	11	1149	1384	21853	22094	3.53e-47	190
::Porites_evermani_scaffold_3863:21135-24846	::Pocillopora_meandrina_HIv1___Sc0000009:9288018-9325698	80.162	247	33	11	1166	1401	21853	22094	3.76e-47	190
::Porites_evermani_scaffold_3879:7633-13235	::Pocillopora_meandrina_HIv1___Sc0000028:3565184-3606544	82.574	505	29	6	670	1117	27079	27581	2.75e-152	541
::Porites_evermani_scaffold_3885:34432-35486	::Pocillopora_meandrina_HIv1___Sc0000020:3862811-3863445	95.149	268	12	1	394	661	321	587	3.42e-117	422
::Porites_evermani_scaffold_3886:22471-27214	::Pocillopora_meandrina_HIv1___Sc0000003:4577546-4606156	88.200	500	51	3	1605	2101	26359	26853	1.67e-179	630
::Porites_evermani_scaffold_3919:29777-30028	::Pocillopora_meandrina_HIv1___Sc0000019:4025303-4030295	94.634	205	9	1	11	213	422	218	6.62e-87	318
::Porites_evermani_scaffold_393:242558-248214	::Pocillopora_meandrina_HIv1___Sc0000013:4323119-4344682	94.505	455	25	0	2351	2805	1334	880	0.0	709
::Porites_evermani_scaffold_3953:7456-12302	::Pocillopora_meandrina_HIv1___Sc0000007:5150815-5153553	80.676	207	36	3	2869	3074	318	521	7.30e-45	184
::Porites_evermani_scaffold_4:1017565-1021041	::Pocillopora_meandrina_HIv1___Sc0000028:3565184-3606544	74.598	311	68	4	1375	1678	4955	5261	2.37e-49	197
::Porites_evermani_scaffold_40:148617-163372	::Pocillopora_meandrina_HIv1___Sc0000012:9265210-9269624	80.738	244	42	4	7607	7847	1494	1253	3.78e-54	215
::Porites_evermani_scaffold_402:87729-88314	::Pocillopora_meandrina_HIv1___Sc0000001:13275661-13276607	78.660	567	121	0	1	567	19	585	2.76e-134	478
::Porites_evermani_scaffold_403:190563-198285	::Pocillopora_meandrina_HIv1___Sc0000028:925776-936957	76.987	239	54	1	7016	7254	349	586	1.42e-43	180
::Porites_evermani_scaffold_404:185181-194441	::Pocillopora_meandrina_HIv1___Sc0000010:6271566-6326750	87.316	339	31	5	5277	5610	52918	52587	6.76e-112	407
::Porites_evermani_scaffold_4065:30269-32716	::Pocillopora_meandrina_HIv1___Sc0000021:6201404-6204245	87.149	249	28	3	1458	1704	1953	1707	8.07e-79	296
::Porites_evermani_scaffold_4094:287-13680	::Pocillopora_meandrina_HIv1___Sc0000021:6201404-6204245	82.857	245	32	5	8569	8810	1945	1708	3.00e-61	240
::Porites_evermani_scaffold_410:112227-127751	::Pocillopora_meandrina_HIv1___Sc0000007:430912-431398	77.941	408	77	11	12624	13024	85	486	1.80e-77	293
::Porites_evermani_scaffold_4104:26106-31512	::Pocillopora_meandrina_HIv1___Sc0000021:6201404-6204245	91.968	249	16	3	3229	3475	1956	1710	9.28e-95	350
::Porites_evermani_scaffold_412:146639-153893	::Pocillopora_meandrina_HIv1___Sc0000012:9265210-9269624	86.122	245	32	2	2115	2358	1251	1494	1.52e-74	282
::Porites_evermani_scaffold_4181:20938-22708	::Pocillopora_meandrina_HIv1___xfSc0000616:4028-15295	83.148	1798	252	29	4	1770	1839	62	0.0	1792
::Porites_evermani_scaffold_4181:23331-26487	::Pocillopora_meandrina_HIv1___xfSc0000616:4028-15295	84.558	1075	154	7	2055	3119	7035	5963	0.0	1170
::Porites_evermani_scaffold_4186:0-4543	::Pocillopora_meandrina_HIv1___Sc0000042:1816147-1817004	93.581	296	19	0	1682	1977	590	295	1.08e-124	449
::Porites_evermani_scaffold_42:392151-395843	::Pocillopora_meandrina_HIv1___Sc0000029:67311-80532	79.675	246	45	4	1490	1733	11935	12177	1.70e-51	205
::Porites_evermani_scaffold_420:30252-31950	::Pocillopora_meandrina_HIv1___Sc0000010:11732681-11746782	80.731	301	45	5	770	1064	7407	7700	6.36e-72	271
::Porites_evermani_scaffold_4202:8896-12270	::Pocillopora_meandrina_HIv1___Sc0000002:17078975-17083977	81.685	273	46	3	436	708	2025	1757	2.80e-67	258
::Porites_evermani_scaffold_4225:28220-28437	::Pocillopora_meandrina_HIv1___Sc0000042:1816147-1817004	93.793	145	9	0	1	145	439	295	1.16e-57	222
::Porites_evermani_scaffold_4295:28535-28897	::Pocillopora_meandrina_HIv1___Sc0000009:7258089-7262181	85.377	212	23	4	68	277	2989	3194	1.12e-60	233
::Porites_evermani_scaffold_4304:4226-7432	::Pocillopora_meandrina_HIv1___Sc0000010:3705149-3706177	84.153	183	27	2	943	1124	722	541	9.31e-48	193
::Porites_evermani_scaffold_4330:16589-23626	::Pocillopora_meandrina_HIv1___Sc0000021:6176992-6177455	82.979	282	34	6	3669	3947	90	360	1.80e-73	279
::Porites_evermani_scaffold_4348:21512-22866	::Pocillopora_meandrina_HIv1___Sc0000009:9288018-9325698	77.602	442	63	20	228	652	22309	21887	1.55e-78	294
::Porites_evermani_scaffold_4348:14127-15167	::Pocillopora_meandrina_HIv1___Sc0000025:4382550-4387466	77.075	253	42	5	386	637	1081	1318	1.26e-46	187
::Porites_evermani_scaffold_435:212354-234431	::Pocillopora_meandrina_HIv1___Sc0000010:3794341-3794940	83.815	173	27	1	13014	13185	173	345	3.34e-44	183
::Porites_evermani_scaffold_4360:26034-27795	::Pocillopora_meandrina_HIv1___Sc0000028:967617-968566	86.036	222	29	2	1023	1244	551	332	1.77e-66	254
::Porites_evermani_scaffold_437:14392-18879	::Pocillopora_meandrina_HIv1___Sc0000016:4094571-4185828	87.751	449	39	7	2026	2464	65456	65898	5.17e-154	545
::Porites_evermani_scaffold_437:14791-19757	::Pocillopora_meandrina_HIv1___Sc0000016:4094571-4185828	87.751	449	39	7	1627	2065	65456	65898	5.73e-154	545
::Porites_evermani_scaffold_438:267765-268089	::Pocillopora_meandrina_HIv1___Sc0000021:6201404-6204245	84.694	196	16	3	141	323	1909	1715	2.20e-56	218
::Porites_evermani_scaffold_4387:17082-22126	::Pocillopora_meandrina_HIv1___Sc0000010:11732681-11746782	79.699	266	38	5	17	273	7415	7673	2.04e-58	229
::Porites_evermani_scaffold_44:22258-22750	::Pocillopora_meandrina_HIv1___Sc0000016:9144132-9145316	81.938	227	36	3	79	302	354	578	1.20e-55	216
::Porites_evermani_scaffold_4403:22492-22693	::Pocillopora_meandrina_HIv1___Sc0000010:11732681-11746782	82.927	205	30	2	1	200	7614	7410	6.72e-54	208
::Porites_evermani_scaffold_4427:23260-26297	::Pocillopora_meandrina_HIv1___Sc0000004:4322721-4351838	76.573	286	56	8	351	629	5962	5681	1.07e-46	188
::Porites_evermani_scaffold_4439:12438-15711	::Pocillopora_meandrina_HIv1___Sc0000010:11732681-11746782	81.481	297	46	4	2018	2308	7407	7700	8.32e-74	279
::Porites_evermani_scaffold_4445:22798-25790	::Pocillopora_meandrina_HIv1___Sc0000021:6201404-6204245	83.402	241	32	7	667	903	1945	1709	3.45e-59	231
::Porites_evermani_scaffold_45:670570-711235	::Pocillopora_meandrina_HIv1___Sc0000008:9245999-9246643	78.006	341	49	1	19049	19389	209	523	3.88e-78	297
::Porites_evermani_scaffold_45:670573-711235	::Pocillopora_meandrina_HIv1___Sc0000008:9245999-9246643	78.006	341	49	1	19046	19386	209	523	3.88e-78	297
::Porites_evermani_scaffold_45:670613-711235	::Pocillopora_meandrina_HIv1___Sc0000008:9245999-9246643	78.006	341	49	1	19006	19346	209	523	3.87e-78	297
::Porites_evermani_scaffold_45:673101-711235	::Pocillopora_meandrina_HIv1___Sc0000008:9245999-9246643	78.006	341	49	1	16518	16858	209	523	3.63e-78	297
::Porites_evermani_scaffold_4500:18906-24494	::Pocillopora_meandrina_HIv1___Sc0000007:430912-431398	79.866	298	48	7	4091	4381	485	193	8.42e-64	247
::Porites_evermani_scaffold_4527:6852-9728	::Pocillopora_meandrina_HIv1___Sc0000010:3794341-3794940	91.620	179	8	1	1273	1444	349	171	2.39e-67	258
::Porites_evermani_scaffold_4543:19052-19274	::Pocillopora_meandrina_HIv1___Sc0000028:2192471-2193864	83.197	244	18	5	1	222	1364	1122	2.02e-67	254
::Porites_evermani_scaffold_457:4300-4814	::Pocillopora_meandrina_HIv1___Sc0000016:9144132-9145316	83.744	203	28	3	3	202	378	578	1.86e-53	209
::Porites_evermani_scaffold_4574:18587-24531	::Pocillopora_meandrina_HIv1___Sc0000001:1480775-1489303	89.300	514	51	2	2187	2699	3313	2803	0.0	674
::Porites_evermani_scaffold_458:252190-252394	::Pocillopora_meandrina_HIv1___Sc0000010:11732681-11746782	82.418	182	27	2	2	178	7588	7407	3.31e-45	180
::Porites_evermani_scaffold_46:112175-121514	::Pocillopora_meandrina_HIv1___Sc0000002:69849-70114	77.273	242	31	8	7066	7288	28	264	7.31e-42	175
::Porites_evermani_scaffold_46:465787-510308	::Pocillopora_meandrina_HIv1___Sc0000007:430912-431398	79.756	410	64	12	5270	5669	85	485	7.18e-88	329
::Porites_evermani_scaffold_460:20465-22336	::Pocillopora_meandrina_HIv1___Sc0000016:9144132-9145316	76.163	344	63	6	32	372	251	578	1.19e-62	242
::Porites_evermani_scaffold_460:23000-23323	::Pocillopora_meandrina_HIv1___Sc0000036:2829097-2836908	76.015	271	48	9	6	262	1867	1600	2.86e-42	171
::Porites_evermani_scaffold_461:252226-253255	::Pocillopora_meandrina_HIv1___Sc0000016:9144132-9145316	81.034	232	39	3	482	710	349	578	3.14e-54	212
::Porites_evermani_scaffold_4638:2769-7703	::Pocillopora_meandrina_HIv1___Sc0000013:3692097-3718248	73.190	373	53	14	1112	1464	23506	23161	2.77e-50	202
::Porites_evermani_scaffold_4643:5793-18482	::Pocillopora_meandrina_HIv1___Sc0000010:11732681-11746782	80.952	294	51	2	2296	2584	7407	7700	1.38e-71	274
::Porites_evermani_scaffold_4644:7692-14289	::Pocillopora_meandrina_HIv1___Sc0000028:967617-968566	82.865	356	23	4	3762	4080	333	687	5.49e-105	384
::Porites_evermani_scaffold_465:73703-76994	::Pocillopora_meandrina_HIv1___Sc0000010:11732681-11746782	78.082	292	49	3	2134	2410	7406	7697	7.34e-62	239
::Porites_evermani_scaffold_468:256973-257356	::Pocillopora_meandrina_HIv1___Sc0000021:6201404-6204245	87.368	190	21	3	1	188	1774	1962	1.77e-58	224
::Porites_evermani_scaffold_4683:21086-21519	::Pocillopora_meandrina_HIv1___Sc0000010:11732681-11746782	83.410	217	35	1	214	429	7484	7700	5.78e-59	226
::Porites_evermani_scaffold_47:171556-172138	::Pocillopora_meandrina_HIv1___Sc0000036:1357884-1363628	79.798	198	38	2	363	558	3010	3207	5.33e-42	170
::Porites_evermani_scaffold_4725:15948-19942	::Pocillopora_meandrina_HIv1___Sc0000009:9288018-9325698	93.197	147	9	1	630	775	21961	22107	2.91e-55	217
::Porites_evermani_scaffold_473:71576-85294	::Pocillopora_meandrina_HIv1___Sc0000003:17654639-17713956	77.874	348	66	5	1365	1707	45760	45419	6.34e-70	269
::Porites_evermani_scaffold_4731:615-5208	::Pocillopora_meandrina_HIv1___Sc0000010:11732681-11746782	79.530	298	50	4	174	466	7700	7409	1.33e-66	255
::Porites_evermani_scaffold_475:113479-123617	::Pocillopora_meandrina_HIv1___Sc0000013:4519866-4552814	81.494	616	101	8	635	1238	4012	4626	8.43e-162	573
::Porites_evermani_scaffold_475:148345-156085	::Pocillopora_meandrina_HIv1___Sc0000003:19347283-19357644	78.152	801	160	3	3350	4136	4021	4820	0.0	656
::Porites_evermani_scaffold_475:148352-156085	::Pocillopora_meandrina_HIv1___Sc0000003:19347283-19357644	78.152	801	160	3	3343	4129	4021	4820	0.0	656
::Porites_evermani_scaffold_4761:10925-21122	::Pocillopora_meandrina_HIv1___Sc0000037:2063531-2077827	79.024	205	43	0	2366	2570	1795	1591	2.29e-42	177
::Porites_evermani_scaffold_48:76972-82125	::Pocillopora_meandrina_HIv1___Sc0000021:6201404-6204245	81.590	239	33	9	3883	4112	1717	1953	8.30e-51	203
::Porites_evermani_scaffold_48:338498-339457	::Pocillopora_meandrina_HIv1___Sc0000044:667767-669146	86.928	153	20	0	293	445	703	855	1.16e-46	187
::Porites_evermani_scaffold_482:59044-71754	::Pocillopora_meandrina_HIv1___Sc0000013:4519866-4552814	73.239	568	149	3	875	1439	4018	4585	2.05e-88	329
::Porites_evermani_scaffold_4835:9193-13114	::Pocillopora_meandrina_HIv1___Sc0000021:6201404-6204245	81.148	244	26	3	2541	2765	1950	1708	3.05e-61	238
::Porites_evermani_scaffold_488:85634-90938	::Pocillopora_meandrina_HIv1___Sc0000009:1720019-1735936	88.372	172	16	3	1409	1580	8396	8563	5.75e-53	211
::Porites_evermani_scaffold_489:49756-64835	::Pocillopora_meandrina_HIv1___Sc0000030:4514777-4515900	69.204	1169	260	31	8218	9377	1080	3	2.27e-120	436
::Porites_evermani_scaffold_49:425929-428058	::Pocillopora_meandrina_HIv1___Sc0000010:11732681-11746782	82.474	291	46	2	545	830	7407	7697	8.54e-78	291
::Porites_evermani_scaffold_491:29577-46342	::Pocillopora_meandrina_HIv1___Sc0000010:6555536-6653229	70.443	812	235	4	15506	16315	89369	90177	3.08e-100	370
::Porites_evermani_scaffold_4930:10043-19641	::Pocillopora_meandrina_HIv1___Sc0000012:8848594-8849382	72.752	367	50	10	937	1268	354	3	2.99e-53	212
::Porites_evermani_scaffold_4984:1006-10392	::Pocillopora_meandrina_HIv1___Sc0000004:12629949-12633118	80.628	191	33	2	3420	3606	329	519	2.56e-41	173
::Porites_evermani_scaffold_4984:1100-10392	::Pocillopora_meandrina_HIv1___Sc0000004:12629949-12633118	80.628	191	33	2	3326	3512	329	519	2.54e-41	173
::Porites_evermani_scaffold_4985:0-18638	::Pocillopora_meandrina_HIv1___Sc0000007:430912-431398	76.753	271	49	4	8342	8599	217	486	3.67e-49	200
::Porites_evermani_scaffold_499:145-1101	::Pocillopora_meandrina_HIv1___Sc0000010:11732681-11746782	74.074	297	47	4	453	719	7703	7407	6.40e-50	198
::Porites_evermani_scaffold_50:639161-644222	::Pocillopora_meandrina_HIv1___Sc0000020:2020327-2021889	88.500	200	21	1	2880	3079	1015	1212	1.47e-66	255
::Porites_evermani_scaffold_50:639161-645099	::Pocillopora_meandrina_HIv1___Sc0000020:2020327-2021889	88.500	200	21	1	2880	3079	1015	1212	1.73e-66	255
::Porites_evermani_scaffold_5079:26-12728	::Pocillopora_meandrina_HIv1___Sc0000013:3692097-3718248	93.902	164	9	1	2212	2375	23323	23161	5.50e-64	248
::Porites_evermani_scaffold_5096:7483-13218	::Pocillopora_meandrina_HIv1___Sc0000004:14578961-14579163	97.419	155	2	1	1	155	50	202	1.37e-67	260
::Porites_evermani_scaffold_5096:5936-15471	::Pocillopora_meandrina_HIv1___Sc0000004:14578961-14579163	96.591	176	6	0	9360	9535	22	197	3.86e-77	291
::Porites_evermani_scaffold_510:95809-97506	::Pocillopora_meandrina_HIv1___Sc0000010:3794341-3794940	84.270	178	28	0	908	1085	167	344	4.01e-49	196
::Porites_evermani_scaffold_510:96218-101912	::Pocillopora_meandrina_HIv1___Sc0000010:11732681-11746782	80.952	294	51	2	3231	3519	7700	7407	6.17e-72	274
::Porites_evermani_scaffold_510:97531-101836	::Pocillopora_meandrina_HIv1___Sc0000010:11732681-11746782	80.952	294	51	2	1918	2206	7700	7407	4.66e-72	274
::Porites_evermani_scaffold_510:97531-101912	::Pocillopora_meandrina_HIv1___Sc0000010:11732681-11746782	80.952	294	51	2	1918	2206	7700	7407	4.74e-72	274
::Porites_evermani_scaffold_5122:15684-17123	::Pocillopora_meandrina_HIv1___Sc0000034:2683197-2683663	89.051	137	14	1	427	563	456	321	3.18e-43	177
::Porites_evermani_scaffold_5144:11570-12346	::Pocillopora_meandrina_HIv1___Sc0000014:9147185-9153231	79.535	215	40	3	565	776	2167	1954	1.39e-44	180
::Porites_evermani_scaffold_521:26196-28120	::Pocillopora_meandrina_HIv1___Sc0000023:4021891-4022740	84.663	326	34	7	1603	1924	1	314	3.99e-94	346
::Porites_evermani_scaffold_521:29043-29969	::Pocillopora_meandrina_HIv1___Sc0000019:5327686-5328555	76.190	252	25	6	42	283	237	463	3.21e-47	189
::Porites_evermani_scaffold_522:10144-17612	::Pocillopora_meandrina_HIv1___Sc0000024:3105785-3107170	81.200	250	42	3	620	866	408	161	8.66e-59	231
::Porites_evermani_scaffold_522:191973-192204	::Pocillopora_meandrina_HIv1___Sc0000042:1816147-1817004	95.238	231	11	0	1	231	356	586	1.33e-101	368
::Porites_evermani_scaffold_537:224184-228309	::Pocillopora_meandrina_HIv1___Sc0000021:6201404-6204245	78.723	235	26	6	699	914	1717	1946	3.44e-48	194
::Porites_evermani_scaffold_5371:955-5960	::Pocillopora_meandrina_HIv1___Sc0000021:6201404-6204245	85.887	248	28	7	4245	4488	1706	1950	2.81e-69	265
::Porites_evermani_scaffold_5382:11444-14092	::Pocillopora_meandrina_HIv1___Sc0000043:1057238-1058754	76.923	286	54	1	1585	1858	140	425	1.30e-57	225
::Porites_evermani_scaffold_5386:10477-14298	::Pocillopora_meandrina_HIv1___Sc0000010:11732681-11746782	82.313	294	47	2	1490	1778	7700	7407	1.54e-77	292
::Porites_evermani_scaffold_54:512484-522539	::Pocillopora_meandrina_HIv1___Sc0000010:11732681-11746782	80.769	286	48	3	6435	6715	7410	7693	6.89e-68	261
::Porites_evermani_scaffold_55:537937-548874	::Pocillopora_meandrina_HIv1___Sc0000009:6929167-6963708	71.130	956	274	2	1553	2507	16610	17564	6.55e-132	473
::Porites_evermani_scaffold_559:193192-212055	::Pocillopora_meandrina_HIv1___Sc0000042:1816147-1817004	91.554	296	25	0	1212	1507	590	295	6.26e-116	422
::Porites_evermani_scaffold_559:193199-207482	::Pocillopora_meandrina_HIv1___Sc0000042:1816147-1817004	91.554	296	25	0	1205	1500	590	295	4.74e-116	422
::Porites_evermani_scaffold_56:41315-48679	::Pocillopora_meandrina_HIv1___Sc0000007:5781237-5782126	82.545	275	36	4	5721	5991	753	487	7.99e-72	273
::Porites_evermani_scaffold_56:325287-325566	::Pocillopora_meandrina_HIv1___Sc0000025:3077577-3108014	77.500	280	37	6	4	279	18020	18277	1.87e-56	218
::Porites_evermani_scaffold_560:175668-180981	::Pocillopora_meandrina_HIv1___Sc0000010:3794341-3794940	94.413	179	10	0	679	857	349	171	1.35e-73	279
::Porites_evermani_scaffold_560:177447-184396	::Pocillopora_meandrina_HIv1___Sc0000010:3794341-3794940	92.727	165	12	0	2302	2466	335	171	3.66e-63	244
::Porites_evermani_scaffold_565:76652-84587	::Pocillopora_meandrina_HIv1___Sc0000010:11732681-11746782	80.969	289	45	4	3120	3399	7407	7694	4.46e-69	265
::Porites_evermani_scaffold_5664:2041-5706	::Pocillopora_meandrina_HIv1___Sc0000018:1543112-1577156	82.353	187	32	1	1991	2177	26259	26444	1.58e-45	186
::Porites_evermani_scaffold_57:577711-578005	::Pocillopora_meandrina_HIv1___Sc0000028:3730923-3731350	100.000	141	0	0	1	141	287	427	7.88e-68	255
::Porites_evermani_scaffold_579:141213-142273	::Pocillopora_meandrina_HIv1___Sc0000036:1357884-1363628	80.808	198	36	2	778	973	3010	3207	1.91e-44	179
::Porites_evermani_scaffold_5793:1723-9454	::Pocillopora_meandrina_HIv1___Sc0000010:11732681-11746782	79.167	288	52	4	719	1000	7407	7692	1.73e-61	239
::Porites_evermani_scaffold_582:119344-120221	::Pocillopora_meandrina_HIv1___Sc0000028:967617-968566	87.708	301	35	2	509	809	634	336	1.57e-101	370
::Porites_evermani_scaffold_584:142426-142733	::Pocillopora_meandrina_HIv1___Sc0000016:298164-299030	96.000	275	11	0	1	275	683	409	2.36e-125	447
::Porites_evermani_scaffold_59:47490-54865	::Pocillopora_meandrina_HIv1___Sc0000002:4061335-4065005	77.007	548	82	12	6153	6677	2912	3438	5.38e-112	407
::Porites_evermani_scaffold_5921:3485-8696	::Pocillopora_meandrina_HIv1___Sc0000021:6201404-6204245	88.750	160	18	0	2037	2196	1953	1794	1.97e-52	208
::Porites_evermani_scaffold_5921:3665-8696	::Pocillopora_meandrina_HIv1___Sc0000021:6201404-6204245	88.750	160	18	0	1857	2016	1953	1794	1.90e-52	208
::Porites_evermani_scaffold_5954:1980-3970	::Pocillopora_meandrina_HIv1___Sc0000010:11732681-11746782	75.768	293	46	7	1582	1854	7413	7700	3.87e-50	200
::Porites_evermani_scaffold_596:145901-157213	::Pocillopora_meandrina_HIv1___Sc0000013:4519866-4552814	80.875	617	106	5	6469	7073	4623	4007	1.15e-160	570
::Porites_evermani_scaffold_6:1243311-1262348	::Pocillopora_meandrina_HIv1___Sc0000016:380143-380445	96.370	303	9	2	14650	14951	302	1	1.48e-136	490
::Porites_evermani_scaffold_60:30411-43788	::Pocillopora_meandrina_HIv1___Sc0000026:4803270-4803992	75.107	466	106	7	4401	4857	59	523	4.45e-78	296
::Porites_evermani_scaffold_60:32929-45891	::Pocillopora_meandrina_HIv1___Sc0000026:4803270-4803992	75.107	466	106	7	1883	2339	59	523	4.31e-78	296
::Porites_evermani_scaffold_600:71563-115172	::Pocillopora_meandrina_HIv1___Sc0000007:11514874-11518663	73.944	426	95	8	27830	28251	1729	1316	6.59e-63	247
::Porites_evermani_scaffold_600:71563-118395	::Pocillopora_meandrina_HIv1___Sc0000007:11514874-11518663	73.944	426	95	8	27830	28251	1729	1316	7.08e-63	247
::Porites_evermani_scaffold_600:71742-115172	::Pocillopora_meandrina_HIv1___Sc0000007:11514874-11518663	73.944	426	95	8	27651	28072	1729	1316	6.57e-63	247
::Porites_evermani_scaffold_600:71742-118395	::Pocillopora_meandrina_HIv1___Sc0000007:11514874-11518663	73.944	426	95	8	27651	28072	1729	1316	7.05e-63	247
::Porites_evermani_scaffold_600:71779-118395	::Pocillopora_meandrina_HIv1___Sc0000007:11514874-11518663	73.944	426	95	8	27614	28035	1729	1316	7.05e-63	247
::Porites_evermani_scaffold_61:323305-328047	::Pocillopora_meandrina_HIv1___Sc0000006:301171-302467	87.538	329	23	2	3331	3656	632	945	6.67e-115	416
::Porites_evermani_scaffold_61:328213-335124	::Pocillopora_meandrina_HIv1___Sc0000021:6201404-6204245	84.146	246	33	5	712	954	1963	1721	2.45e-65	251
::Porites_evermani_scaffold_611:118278-153029	::Pocillopora_meandrina_HIv1___Sc0000007:2927158-2930023	82.723	191	27	3	4773	4962	1716	1531	1.24e-45	188
::Porites_evermani_scaffold_615:218008-218278	::Pocillopora_meandrina_HIv1___Sc0000042:853654-896918	84.328	268	33	3	2	266	10516	10255	3.48e-78	289
::Porites_evermani_scaffold_618:212497-220283	::Pocillopora_meandrina_HIv1___Sc0000020:2020327-2021889	88.718	195	20	1	222	416	1015	1207	9.64e-65	251
::Porites_evermani_scaffold_6184:917-4740	::Pocillopora_meandrina_HIv1___Sc0000013:4519866-4552814	83.029	383	64	1	2635	3016	4400	4018	1.76e-108	395
::Porites_evermani_scaffold_6206:4034-6107	::Pocillopora_meandrina_HIv1___Sc0000025:5098182-5099229	81.921	177	27	2	1720	1895	297	469	1.96e-41	171
::Porites_evermani_scaffold_622:105223-125901	::Pocillopora_meandrina_HIv1___Sc0000010:11732681-11746782	80.000	250	45	2	5291	5535	7656	7407	1.24e-55	222
::Porites_evermani_scaffold_622:105225-125901	::Pocillopora_meandrina_HIv1___Sc0000010:11732681-11746782	80.000	250	45	2	5289	5533	7656	7407	1.24e-55	222
::Porites_evermani_scaffold_622:105260-125901	::Pocillopora_meandrina_HIv1___Sc0000010:11732681-11746782	80.000	250	45	2	5254	5498	7656	7407	1.24e-55	222
::Porites_evermani_scaffold_6317:0-1106	::Pocillopora_meandrina_HIv1___Sc0000020:1172397-1201289	81.164	292	39	8	521	798	8731	9020	9.05e-68	258
::Porites_evermani_scaffold_6323:420-2946	::Pocillopora_meandrina_HIv1___Sc0000007:430912-431398	74.825	286	58	8	1324	1605	203	478	8.35e-41	168
::Porites_evermani_scaffold_634:103187-113581	::Pocillopora_meandrina_HIv1___Sc0000021:6201404-6204245	79.098	244	48	3	4996	5237	1707	1949	2.04e-49	200
::Porites_evermani_scaffold_6345:1662-5885	::Pocillopora_meandrina_HIv1___Sc0000042:1816147-1817004	80.656	305	49	4	2410	2713	590	295	1.31e-72	276
::Porites_evermani_scaffold_6353:3455-5858	::Pocillopora_meandrina_HIv1___Sc0000035:672554-722342	80.734	218	42	0	1107	1324	19957	20174	1.10e-51	205
::Porites_evermani_scaffold_6356:574-1783	::Pocillopora_meandrina_HIv1___Sc0000010:11732681-11746782	72.449	294	43	5	447	702	7407	7700	7.63e-44	178
::Porites_evermani_scaffold_639:214517-215420	::Pocillopora_meandrina_HIv1___Sc0000010:3794341-3794940	93.220	177	11	1	208	383	349	173	1.73e-69	262
::Porites_evermani_scaffold_6415:109-1579	::Pocillopora_meandrina_HIv1___xfSc0000092:25088-34291	88.148	135	16	0	209	343	7314	7180	3.96e-42	172
::Porites_evermani_scaffold_642:213377-213609	::Pocillopora_meandrina_HIv1___Sc0000042:1816147-1817004	96.087	230	9	0	3	232	301	530	8.99e-104	375
::Porites_evermani_scaffold_6433:1946-2649	::Pocillopora_meandrina_HIv1___xfSc0000616:4028-15295	84.006	644	84	7	1	633	1831	1196	0.0	683
::Porites_evermani_scaffold_65:535579-537790	::Pocillopora_meandrina_HIv1___Sc0000021:6201404-6204245	80.237	253	44	6	617	864	1708	1959	2.38e-53	210
::Porites_evermani_scaffold_66:566918-568013	::Pocillopora_meandrina_HIv1___Sc0000000:11064889-11066127	76.734	937	216	2	1	936	303	1238	0.0	700
::Porites_evermani_scaffold_665:12316-13310	::Pocillopora_meandrina_HIv1___Sc0000036:2829097-2836908	73.293	498	110	14	161	643	2092	1603	8.11e-68	257
::Porites_evermani_scaffold_667:165686-191903	::Pocillopora_meandrina_HIv1___Sc0000010:11732681-11746782	79.661	295	47	4	7594	7879	7697	7407	7.65e-66	256
::Porites_evermani_scaffold_667:169202-192180	::Pocillopora_meandrina_HIv1___Sc0000010:11732681-11746782	79.661	295	47	4	4078	4363	7697	7407	6.71e-66	256
::Porites_evermani_scaffold_67:127207-128842	::Pocillopora_meandrina_HIv1___Sc0000025:5093147-5101078	86.555	476	57	7	880	1348	3442	2967	1.86e-154	545
::Porites_evermani_scaffold_6710:0-1213	::Pocillopora_meandrina_HIv1___Sc0000033:727739-735146	87.222	180	22	1	7	186	6194	6016	8.73e-56	218
::Porites_evermani_scaffold_6764:32-5101	::Pocillopora_meandrina_HIv1___Sc0000010:11732681-11746782	80.612	294	52	2	1877	2165	7700	7407	6.69e-71	269
::Porites_evermani_scaffold_6814:0-4826	::Pocillopora_meandrina_HIv1___Sc0000021:6201404-6204245	89.683	252	23	2	1988	2237	1702	1952	2.22e-89	332
::Porites_evermani_scaffold_6854:3099-4958	::Pocillopora_meandrina_HIv1___xpSc0001273:156778-159674	77.470	253	57	0	1606	1858	1391	1643	3.61e-50	200
::Porites_evermani_scaffold_6942:950-4778	::Pocillopora_meandrina_HIv1___Sc0000020:2020327-2021889	84.343	198	29	1	1665	1862	1212	1017	9.75e-55	215
::Porites_evermani_scaffold_695:108302-108628	::Pocillopora_meandrina_HIv1___Sc0000040:892160-892627	76.590	346	54	8	6	326	1	344	1.31e-65	248
::Porites_evermani_scaffold_7003:880-4691	::Pocillopora_meandrina_HIv1___Sc0000034:2683197-2683663	88.321	137	15	1	1042	1178	456	321	1.04e-41	172
::Porites_evermani_scaffold_7010:260-2829	::Pocillopora_meandrina_HIv1___Sc0000010:11732681-11746782	77.891	294	51	3	679	958	7700	7407	2.00e-61	237
::Porites_evermani_scaffold_703:166176-169094	::Pocillopora_meandrina_HIv1___Sc0000009:6576741-6620847	81.115	323	42	5	1415	1719	5837	5516	6.50e-81	303
::Porites_evermani_scaffold_708:131077-140618	::Pocillopora_meandrina_HIv1___Sc0000020:2020327-2021889	87.097	186	22	1	137	322	1211	1028	4.71e-57	225
::Porites_evermani_scaffold_712:192892-198770	::Pocillopora_meandrina_HIv1___Sc0000018:3984341-3991875	76.540	341	78	1	2287	2625	6297	6637	2.08e-65	252
::Porites_evermani_scaffold_716:80031-80249	::Pocillopora_meandrina_HIv1___Sc0000021:6201404-6204245	80.365	219	38	5	3	218	1930	1714	2.93e-46	184
::Porites_evermani_scaffold_7186:778-3180	::Pocillopora_meandrina_HIv1___Sc0000007:5150815-5153553	80.928	194	34	2	937	1130	508	318	1.53e-43	178
::Porites_evermani_scaffold_726:74705-80046	::Pocillopora_meandrina_HIv1___Sc0000042:853654-896918	87.308	260	30	2	2534	2792	35333	35076	1.89e-84	315
::Porites_evermani_scaffold_73:201597-201905	::Pocillopora_meandrina_HIv1___Sc0000004:2839075-2848480	75.945	291	70	0	1	291	2134	1844	3.09e-54	210
::Porites_evermani_scaffold_736:137111-138017	::Pocillopora_meandrina_HIv1___Sc0000010:3794341-3794940	89.655	174	18	0	566	739	173	346	8.41e-61	233
::Porites_evermani_scaffold_74:218499-218743	::Pocillopora_meandrina_HIv1___Sc0000001:15069418-15077715	92.562	242	15	2	1	241	7803	7564	3.79e-96	350
::Porites_evermani_scaffold_744:18-941	::Pocillopora_meandrina_HIv1___xfSc0000083:6757-7260	79.541	479	94	2	215	693	503	29	3.64e-116	417
::Porites_evermani_scaffold_748:96228-142567	::Pocillopora_meandrina_HIv1___Sc0000021:6201404-6204245	88.571	245	25	2	41109	41351	1953	1710	7.00e-82	310
::Porites_evermani_scaffold_7528:1757-2420	::Pocillopora_meandrina_HIv1___Sc0000001:7489371-7489960	79.461	297	34	4	353	628	298	8	2.96e-71	268
::Porites_evermani_scaffold_7544:1452-2286	::Pocillopora_meandrina_HIv1___Sc0000028:1038570-1040672	90.244	164	14	1	671	834	1533	1372	4.87e-57	222
::Porites_evermani_scaffold_7561:1865-2307	::Pocillopora_meandrina_HIv1___Sc0000003:19347283-19357644	79.621	211	43	0	82	292	4344	4134	5.19e-47	187
::Porites_evermani_scaffold_763:0-6240	::Pocillopora_meandrina_HIv1___Sc0000010:11732681-11746782	81.518	303	42	4	1925	2218	7704	7407	8.81e-77	289
::Porites_evermani_scaffold_7655:380-1309	::Pocillopora_meandrina_HIv1___Sc0000021:6201404-6204245	80.252	238	41	6	326	559	1708	1943	2.17e-49	196
::Porites_evermani_scaffold_766:24452-30277	::Pocillopora_meandrina_HIv1___Sc0000010:11732681-11746782	79.530	298	51	4	3858	4149	7407	7700	5.92e-66	254
::Porites_evermani_scaffold_7752:56-2217	::Pocillopora_meandrina_HIv1___Sc0000021:6201404-6204245	86.893	206	24	2	923	1126	1912	1708	1.13e-63	244
::Porites_evermani_scaffold_776:157639-158895	::Pocillopora_meandrina_HIv1___Sc0000010:11732681-11746782	80.645	310	52	3	186	487	7704	7395	2.59e-75	283
::Porites_evermani_scaffold_776:157641-158830	::Pocillopora_meandrina_HIv1___Sc0000010:11732681-11746782	80.645	310	52	3	184	485	7704	7395	2.45e-75	283
::Porites_evermani_scaffold_78:406590-420733	::Pocillopora_meandrina_HIv1___Sc0000021:6201404-6204245	82.558	258	39	5	5013	5267	1952	1698	2.14e-63	246
::Porites_evermani_scaffold_789:147455-147915	::Pocillopora_meandrina_HIv1___Sc0000005:2635107-2635603	97.110	173	5	0	288	460	318	490	6.16e-78	290
::Porites_evermani_scaffold_8025:238-651	::Pocillopora_meandrina_HIv1___Sc0000005:7525608-7527695	85.906	149	21	0	265	413	1652	1504	3.04e-43	175
::Porites_evermani_scaffold_8173:83-2005	::Pocillopora_meandrina_HIv1___Sc0000021:6201404-6204245	84.337	249	31	7	906	1151	1953	1710	2.36e-65	250
::Porites_evermani_scaffold_819:115925-119127	::Pocillopora_meandrina_HIv1___Sc0000016:2220064-2222689	83.000	500	51	9	660	1157	609	142	2.65e-143	509
::Porites_evermani_scaffold_820:71508-71745	::Pocillopora_meandrina_HIv1___Sc0000009:5741188-5796545	84.388	237	37	0	1	237	17211	16975	1.46e-69	261
::Porites_evermani_scaffold_826:117835-121443	::Pocillopora_meandrina_HIv1___Sc0000002:13783747-13787660	78.667	300	56	6	3312	3608	295	1	3.42e-60	233
::Porites_evermani_scaffold_827:175739-183060	::Pocillopora_meandrina_HIv1___Sc0000000:11576649-11577473	91.200	125	8	2	4093	4216	822	700	6.97e-41	170
::Porites_evermani_scaffold_832:101518-105760	::Pocillopora_meandrina_HIv1___Sc0000002:15133111-15134887	76.987	239	51	2	1788	2022	1474	1712	2.72e-43	178
::Porites_evermani_scaffold_842:42788-43920	::Pocillopora_meandrina_HIv1___Sc0000006:3107109-3114485	88.060	201	16	1	1	193	2918	3118	9.27e-68	258
::Porites_evermani_scaffold_846:119099-120628	::Pocillopora_meandrina_HIv1___Sc0000013:4519866-4552814	74.219	384	97	2	1125	1506	4011	4394	3.38e-62	240
::Porites_evermani_scaffold_878:163697-169677	::Pocillopora_meandrina_HIv1___Sc0000010:11732681-11746782	79.932	294	54	2	1159	1447	7700	7407	4.09e-68	260
::Porites_evermani_scaffold_878:125480-126330	::Pocillopora_meandrina_HIv1___Sc0000004:4322721-4351838	75.088	285	56	9	359	639	5954	5681	9.60e-41	168
::Porites_evermani_scaffold_879:34293-51848	::Pocillopora_meandrina_HIv1___Sc0000021:6201404-6204245	83.137	255	32	8	16913	17161	1950	1701	1.13e-61	241
::Porites_evermani_scaffold_880:1393-5500	::Pocillopora_meandrina_HIv1___Sc0000033:1193610-1193880	94.074	270	16	0	2696	2965	1	270	5.77e-115	416
::Porites_evermani_scaffold_882:145250-153943	::Pocillopora_meandrina_HIv1___Sc0000010:11732681-11746782	82.237	304	42	4	3897	4192	7700	7401	2.37e-79	298
::Porites_evermani_scaffold_89:11654-13234	::Pocillopora_meandrina_HIv1___xfSc0000092:25088-34291	88.550	131	15	0	158	288	7184	7314	5.19e-41	169
::Porites_evermani_scaffold_896:24352-29089	::Pocillopora_meandrina_HIv1___Sc0000021:6201404-6204245	88.304	171	17	2	2052	2220	1875	1706	1.47e-53	213
::Porites_evermani_scaffold_9:172635-178019	::Pocillopora_meandrina_HIv1___Sc0000009:5741188-5796545	81.250	208	38	1	1879	2086	68	274	1.29e-48	196
::Porites_evermani_scaffold_9:944083-973481	::Pocillopora_meandrina_HIv1___Sc0000030:1901678-1904050	95.522	1005	43	1	16513	17515	1005	1	0.0	1608
::Porites_evermani_scaffold_9:174275-175236	::Pocillopora_meandrina_HIv1___Sc0000009:5741188-5796545	81.250	208	38	1	239	446	68	274	2.25e-49	196
::Porites_evermani_scaffold_91:517207-522012	::Pocillopora_meandrina_HIv1___Sc0000018:266406-271791	83.333	210	26	3	942	1151	3050	2850	1.23e-54	216
::Porites_evermani_scaffold_925:33296-33507	::Pocillopora_meandrina_HIv1___Sc0000010:11732681-11746782	82.870	216	32	2	1	211	7623	7408	3.93e-57	219
::Porites_evermani_scaffold_932:39-963	::Pocillopora_meandrina_HIv1___Sc0000010:3794341-3794940	91.329	173	15	0	492	664	171	343	4.75e-64	245
::Porites_evermani_scaffold_940:143121-157035	::Pocillopora_meandrina_HIv1___Sc0000016:8567893-8577769	83.105	219	37	0	2707	2925	2295	2077	5.64e-58	229
::Porites_evermani_scaffold_946:95117-95919	::Pocillopora_meandrina_HIv1___Sc0000033:727739-735146	89.922	129	13	0	83	211	6015	6143	6.09e-43	175
::Porites_evermani_scaffold_971:71696-71963	::Pocillopora_meandrina_HIv1___Sc0000013:4323119-4344682	94.526	274	8	1	1	267	1291	1018	5.44e-120	429
::Porites_evermani_scaffold_99:483944-489230	::Pocillopora_meandrina_HIv1___Sc0000004:14578961-14579163	96.023	176	7	0	3455	3630	197	22	9.08e-76	287
::Porites_evermani_scaffold_99:484409-486861	::Pocillopora_meandrina_HIv1___Sc0000004:14578961-14579163	96.023	176	7	0	919	1094	197	22	4.19e-76	287
::Porites_evermani_scaffold_99:484409-489230	::Pocillopora_meandrina_HIv1___Sc0000004:14578961-14579163	96.023	176	7	0	2990	3165	197	22	8.28e-76	287
::Porites_evermani_scaffold_99:486499-489230	::Pocillopora_meandrina_HIv1___Sc0000004:14578961-14579163	96.023	176	7	0	900	1075	197	22	4.67e-76	287
::Porites_evermani_scaffold_99:518687-520747	::Pocillopora_meandrina_HIv1___Sc0000004:14578961-14579163	96.591	176	6	0	1	176	197	22	8.26e-78	291
::Porites_evermani_scaffold_99:485210-489671	::Pocillopora_meandrina_HIv1___Sc0000004:14578961-14579163	96.023	176	7	0	4260	4435	197	22	7.66e-76	287
