1	NC_058066.1	4083064	4093025
2	NC_058066.1	4121004	4130014
3	NC_058066.1	4194369	4201728
4	NC_058066.1	17640529	17645517
5	NC_058066.1	17726024	17734992
6	NC_058066.1	19012094	19021020
7	NC_058066.1	20145595	20151968
8	NC_058066.1	20169145	20177981
9	NC_058066.1	22768011	22775889
10	NC_058066.1	22816180	22824380
11	NC_058066.1	24403455	24408983
12	NC_058066.1	24627381	24634857
13	NC_058066.1	25073013	25078754
14	NC_058066.1	26896052	26901012
15	NC_058066.1	27439002	27447983
16	NC_058066.1	27461020	27468969
17	NC_058066.1	28055004	28064027
18	NC_058066.1	28121187	28127999
19	NC_058066.1	28215002	28223990
20	NC_058066.1	28258063	28263951
21	NC_058066.1	28290194	28298972
22	NC_058066.1	28445120	28453576
23	NC_058066.1	28784165	28793011
24	NC_058066.1	28872192	28879932
25	NC_058066.1	29264011	29270141
26	NC_058066.1	29297023	29310913
27	NC_058066.1	30611014	30620027
28	NC_058066.1	34399434	34408016
29	NC_058066.1	34420215	34423833
30	NC_058066.1	34437598	34441988
31	NC_058067.1	7049074	7056311
32	NC_058067.1	10436012	10444681
33	NC_058067.1	14128303	14139151
34	NC_058067.1	14154180	14164009
35	NC_058067.1	15648054	15654967
36	NC_058067.1	15859042	15864840
37	NC_058067.1	17689200	17696409
38	NC_058067.1	30290131	30308781
39	NC_058067.1	30759880	30768002
40	NC_058067.1	30797041	30806017
41	NC_058067.1	30936138	30945023
42	NC_058067.1	31406738	31410985
43	NC_058067.1	31429029	31440992
44	NC_058067.1	31457036	31474012
45	NC_058067.1	31505005	31511026
46	NC_058067.1	31556128	31562985
47	NC_058067.1	33376455	33384662
48	NC_058068.1	5716834	5723980
49	NC_058068.1	6851675	6853883
50	NC_058068.1	6864545	6871492
51	NC_058068.1	7948032	7955942
52	NC_058068.1	7978022	7983912
53	NC_058068.1	12406405	12413771
54	NC_058068.1	12732011	12753968
55	NC_058068.1	12794027	12803024
56	NC_058068.1	12814084	12819863
57	NC_058068.1	12965012	12975023
58	NC_058068.1	13107005	13115723
59	NC_058068.1	14006006	14014683
60	NC_058069.1	736587	744803
61	NC_058069.1	2474002	2485023
62	NC_058069.1	4831836	4837325
63	NC_058069.1	7336199	7339493
64	NC_058069.1	8078077	8086447
65	NC_058069.1	12859364	12862966
66	NC_058069.1	13299512	13303537
67	NC_058069.1	13837409	13842455
68	NC_058069.1	15492092	15500434
69	NC_058069.1	16355001	16367955
70	NC_058069.1	17958014	17962432
71	NC_058069.1	20778159	20785795
72	NC_058069.1	23944096	23947958
73	NC_058069.1	24556064	24564785
74	NC_058069.1	25164007	25178851
75	NC_058069.1	26264385	26274019
76	NC_058069.1	26335204	26343716
77	NC_058069.1	27481728	27489024
78	NC_058070.1	10256341	10262895
79	NC_058070.1	10508034	10515279
80	NC_058070.1	11175080	11182668
81	NC_058070.1	11273015	11282017
82	NC_058070.1	16058003	16067021
83	NC_058070.1	16108087	16114742
84	NC_058070.1	16237251	16248975
85	NC_058070.1	16337806	16342930
86	NC_058070.1	21231585	21238023
87	NC_058070.1	21286807	21289116
88	NC_058070.1	22365105	22372553
89	NC_058070.1	23773777	23775971
90	NC_058070.1	25946007	25950855
91	NC_058071.1	4307022	4311936
92	NC_058071.1	5920920	5929026
93	NC_058071.1	6037137	6046016
94	NC_058071.1	6083062	6093218
95	NC_058071.1	7354745	7361404
96	NC_058071.1	7500800	7505358
97	NC_058071.1	14348960	14353409
98	NC_058072.1	855052	859907
99	NC_058072.1	1264007	1269459
100	NC_058072.1	4703003	4709136
101	NC_058072.1	7197049	7205004
102	NC_058072.1	7846444	7852029
103	NC_058072.1	9124640	9155994
104	NC_058072.1	9187020	9208957
105	NC_058072.1	9419205	9427953
106	NC_058072.1	9593002	9599026
107	NC_058072.1	10819043	10825333
108	NC_058072.1	11276346	11292022
109	NC_058072.1	11393062	11403656
110	NC_058072.1	11999565	12007983
111	NC_058072.1	15865040	15869830
112	NC_058072.1	16552064	16560804
113	NC_058072.1	16650015	16659018
114	NC_058072.1	16791027	16810004
115	NC_058072.1	18517011	18524335
116	NC_058073.1	23078	35933
117	NC_058073.1	6662010	6670738
118	NC_058073.1	10768053	10773696
119	NC_058073.1	11426816	11430909
120	NC_058074.1	5230376	5232921
121	NC_058074.1	12862063	12871019
122	NC_058074.1	12897004	12905965
123	NC_058074.1	12957040	12987990
124	NC_058074.1	12999037	13020013
125	NC_058074.1	13063041	13071134
126	NC_058074.1	13084164	13094993
127	NC_058074.1	16890091	16899017
128	NC_058074.1	17003618	17010874
129	NC_058074.1	17050014	17058014
130	NC_058074.1	17425249	17434029
131	NC_058074.1	17532196	17557869
132	NC_058074.1	17594001	17602967
133	NC_058074.1	18234293	18242876
134	NC_058074.1	18422105	18430792
135	NC_058074.1	18861175	18865986
136	NC_058075.1	4289031	4304025
137	NC_058075.1	6115102	6122014
138	NC_058075.1	6609171	6617953
139	NC_058075.1	6779002	6789008
140	NC_058075.1	7805378	7812985
141	NC_058075.1	8238125	8246667
142	NC_058075.1	8258263	8266746
143	NC_058075.1	10451074	10459880
144	NC_058075.1	12980145	12985436
145	NC_058075.1	14835771	14840424
146	NC_058075.1	17027302	17032916
147	NC_058075.1	18869530	18876008
148	NC_058075.1	20776005	20784889
149	NC_058076.1	958070	979025
150	NC_058076.1	1008033	1016842
151	NC_058076.1	1071082	1076548
152	NC_058076.1	1146179	1155001
153	NC_058076.1	1295238	1312545
154	NC_058076.1	1410168	1418020
155	NC_058076.1	1465039	1481856
156	NC_058076.1	1579069	1587615
157	NC_058076.1	1656541	1668614
158	NC_058076.1	1684030	1692802
159	NC_058076.1	1718002	1736315
160	NC_058076.1	1891169	1899982
161	NC_058076.1	7500345	7505906
162	NC_058076.1	7554516	7561997
163	NC_058076.1	10155152	10178765
164	NC_058076.1	10194005	10202987
165	NC_058076.1	10213265	10222015
166	NC_058076.1	10526270	10550029
167	NC_058076.1	10575036	10584117
168	NC_058076.1	10963607	10965018
169	NC_058076.1	12384031	12389001
170	NC_058077.1	289032	311020
171	NC_058077.1	7891032	7899623
172	NC_058077.1	9520854	9525960
173	NC_058077.1	10423225	10431322
174	NC_058077.1	11239419	11247994
175	NC_058078.1	596054	604986
176	NC_058078.1	1651238	1653893
177	NC_058078.1	8686179	8690585
178	NC_058078.1	12602321	12608999
179	NC_058078.1	12657015	12663017
180	NC_058078.1	13636547	13638012
181	NC_058078.1	14651052	14656865
182	NC_058078.1	14697125	14701680
183	NC_058078.1	20631773	20640027
184	NC_058079.1	7329472	7337939
185	NC_058079.1	7390022	7398020
186	NC_058079.1	7525111	7533168
187	NC_058079.1	7557062	7566026
188	NC_058079.1	7850003	7855812
189	NC_058079.1	10854026	10862339
190	NC_058079.1	10924051	10953016
191	NC_058079.1	10966014	10974413
192	NC_058079.1	11853825	11867962
193	NC_058079.1	11901050	11919026
194	NC_058079.1	11955244	11971586
195	NC_058079.1	12044050	12053707
196	NC_058079.1	12096142	12103016
197	NC_058079.1	12133013	12138003
198	NC_058079.1	12240749	12248006
199	NC_058079.1	12264044	12272909
200	NC_058079.1	12297008	12325028
201	NC_058079.1	12467004	12476024
202	NC_058079.1	12491035	12496027
203	NC_058079.1	12588106	12592993
204	NC_058079.1	13187167	13210997
205	NC_058079.1	13254010	13267956
206	NW_025322615.1	2056110	2070998
207	NW_025322615.1	2082008	2089016
208	NW_025322619.1	535297	553025
209	NW_025322619.1	1085050	1094356
210	NW_025322619.1	1328001	1345993
211	NW_025322620.1	91340	97008
212	NW_025322620.1	114023	126016
213	NW_025322620.1	157072	166023
214	NW_025322620.1	177276	184510
215	NW_025322620.1	307020	331006
216	NW_025322620.1	396041	409854
217	NW_025322620.1	447067	452875
218	NW_025322620.1	506112	516536
219	NW_025322620.1	554876	560020
220	NW_025322620.1	582305	606981
221	NW_025322620.1	1060502	1063442
222	NW_025322620.1	1525753	1530486
223	NW_025322622.1	609444	616984
224	NW_025322622.1	635920	641768
225	NW_025322622.1	788070	804994
226	NW_025322622.1	836277	841934
227	NW_025322622.1	857063	869774
228	NW_025322622.1	908185	917992
229	NW_025322622.1	1086009	1110023
230	NW_025322622.1	1158075	1167007
231	NW_025322622.1	1181030	1189935
232	NW_025322622.1	1246109	1254984
233	NW_025322622.1	1480010	1486342
234	NW_025322623.1	1439001	1443933
235	NW_025322624.1	1119218	1123892
236	NW_025322625.1	275830	281957
237	NW_025322626.1	176043	182999
238	NW_025322626.1	662005	671955
239	NW_025322626.1	761036	769998
240	NW_025322626.1	892027	901016
241	NW_025322631.1	1019174	1027934
242	NW_025322633.1	36397	44809
243	NW_025322633.1	739223	748013
244	NW_025322634.1	812056	818229
245	NW_025322634.1	873093	881942
246	NW_025322635.1	376307	383984
247	NW_025322635.1	694013	703007
248	NW_025322639.1	551942	557584
249	NW_025322643.1	74	5973
250	NW_025322643.1	84125	94970
251	NW_025322643.1	159520	168016
252	NW_025322643.1	206035	214883
253	NW_025322643.1	448002	456331
254	NW_025322643.1	503793	509908
255	NW_025322643.1	573523	581855
256	NW_025322644.1	44053	49982
257	NW_025322645.1	754056	758935
258	NW_025322646.1	237270	245387
259	NW_025322648.1	228041	235653
260	NW_025322648.1	714251	722726
261	NW_025322657.1	113593	118837
262	NW_025322660.1	292401	300640
263	NW_025322662.1	28004	36384
264	NW_025322662.1	208133	218991
265	NW_025322662.1	233005	246024
266	NW_025322662.1	442041	451017
267	NW_025322662.1	476034	481845
268	NW_025322664.1	301423	308012
269	NW_025322670.1	382557	390722
270	NW_025322671.1	302001	314546
271	NW_025322673.1	253160	266903
272	NW_025322676.1	278179	282944
273	NW_025322678.1	320323	325011
274	NW_025322694.1	100803	104603
275	NW_025322699.1	34561	42773
276	NW_025322700.1	28068	34782
277	NW_025322702.1	49645	83927
278	NW_025322702.1	94011	102641
279	NW_025322703.1	183657	188998
280	NW_025322705.1	166028	171902
281	NW_025322705.1	185099	199026
282	NW_025322706.1	12005	37739
283	NW_025322706.1	61004	69920
284	NW_025322714.1	51096	55900
285	NW_025322715.1	83001	89293
286	NW_025322717.1	108017	115967
287	NW_025322721.1	29020	34537
288	NW_025322722.1	59100	63981
289	NW_025322763.1	507271	515956
290	NW_025322767.1	714079	719842
291	NW_025322769.1	392727	397386
292	NW_025322769.1	621942	625117
293	NW_025322772.1	232504	237014
294	NW_025322783.1	5082	10015
295	NW_025322785.1	159250	167015
296	NW_025322793.1	139002	144022
297	NW_025322799.1	260084	265026
298	NW_025322802.1	12037	20961
299	NW_025322802.1	36201	44935
300	NW_025322804.1	130151	134929
301	NW_025322805.1	195009	196674
302	NW_025322811.1	184733	191010
303	NW_025322813.1	95376	98485
304	NW_025322823.1	96269	102979
305	NW_025322846.1	107027	112251
306	NW_025322848.1	69041	70774
307	NW_025322865.1	28	8006
308	NW_025322894.1	10425	18991
309	NW_025322895.1	77241	84070
310	NW_025322899.1	32025	40967
311	NW_025322899.1	60135	67025
312	NW_025322915.1	32470	41025
313	NW_025322924.1	29177	45615
314	NW_025322967.1	7161	13030
315	NW_025322968.1	14033	23021
316	NW_025322979.1	19004	24617
317	NW_025323115.1	81308	86457
318	NW_025323115.1	102492	110024
319	NW_025323115.1	147249	156020
320	NW_025323120.1	20940	26020
321	NW_025323120.1	255419	261856
322	NW_025323125.1	170255	177015
323	NW_025323138.1	139002	147887
324	NW_025323146.1	133587	136770
325	NW_025323173.1	72358	91946
326	NW_025323194.1	21144	29190
327	NW_025323195.1	17019	22212
328	NW_025323205.1	4013	9019
329	NW_025323249.1	2532	10027
330	NW_025323316.1	7051	14043
331	NW_025323346.1	71	5799
