Ping-pong signatures for 100 pseudo-replicate datasets (1000000 reads each) based on sRNA-ACR-145_preproc.map (8414719 reads)
	1	2	3	4	5	6	7	8	9	10	11	12	13	14	15	16	17	18	19	20	21	22	23	24	25	26	27	28	29	30	ppZScore	ppSequences	ppReads
1	38124.5584957518	10057.0183753722	11433.4889617406	11738.3006153328	31562.911852527	31576.7254965659	51437.957829033	124262.124050342	147510.424661382	2452108.89752804	174012.478502065	56294.3872419822	124073.61916524	26046.6292561669	46305.8239703522	20556.9564893859	20998.2286657839	70474.5084988278	25546.7584179135	18150.2686468912	19005.3131221081	6972.36921530757	12572.1341053481	9668.88327990828	8848.36977645628	10589.1567384753	3875.61910996872	1761.41719840146	358.492597273819	0	49.1536137199023	63995	318296
2	47458.2519065189	8979.34365655817	12547.4642553193	12658.5541774792	31171.9979926256	31950.4289529312	51438.6728377383	141275.725454842	118803.140748963	2397741.06365725	164949.283173241	54924.1931176831	128823.334485168	23647.0732405497	46091.4741271746	18653.6824327734	21036.2648508752	80083.7897709774	27333.6303002428	16157.1417255485	22513.6646414695	7726.67709880424	11558.1605423355	10083.6627678399	7840.62504151914	9895.47941150187	4078.56612162323	1515.62507756948	287.01212918261	0	49.6167331773789	64790	324682
3	41597.7147607066	9358.20314024323	13707.94130418	12270.5302809912	35434.5176686832	30858.2198173603	54101.440383916	131007.16557681	140425.025254532	2664187.63402009	156668.817121085	57068.8246953767	126283.495841309	25581.0385857566	49367.2869338966	21421.3009885339	20377.85269358	71403.211268842	23479.206909783	18462.1939371703	21577.105306852	7114.43755905262	13233.5578864342	10785.2043777147	8988.48548922436	8531.77407694999	5306.72565291612	1458.01967488192	368.021835886013	0	56.1232065574982	64733	323524
4	48050.478425454	10218.5034406498	17908.2607444527	11851.1436582914	32369.4290355867	29109.2958417598	52499.9115073478	130112.495607866	129814.15158951	2479585.24750417	158819.10721976	57523.4685405518	127446.666080099	24718.6934017053	44233.9738297926	19846.203050023	20674.4879431212	71628.0051517798	23426.8791542707	17814.6614647899	20201.1490179225	8205.78731590143	12351.810218162	9690.76796510572	8245.1530426915	9897.18807847546	4121.09807329095	1711.06371995045	423.271686370159	0	52.967902299025	64810	320242
5	39227.6977056438	9942.92635437188	15102.1504781635	13819.0514707626	30127.1090160331	30844.3931357953	52168.376304769	133296.358632042	148674.173799085	2492789.98530953	155518.606389758	60935.1872778123	125803.615792474	26488.6366661307	46432.811622369	21097.9232386506	23454.8671090567	71478.8473090063	27523.4756138103	17616.5171236815	19412.3969921893	8207.21227246216	11988.4538465183	9937.86237612605	8633.09249652493	9367.86432535648	4571.35125198089	1703.21703924256	451.797506200263	0	51.6680133734419	64701	322804
6	44942.0094199624	10190.0540332172	14215.316850745	11804.0197756144	32019.0865939598	30873.4915087151	55923.6938326838	130183.938819736	139904.635127252	2589857.02973306	169478.241176632	57098.6863759341	121571.478289763	23842.0523987303	47088.891378446	18945.0092758692	19615.095892136	74737.5561083892	25219.91552139	16774.7962862585	21152.6507716552	6572.84225570255	12086.7270581798	10530.6662020542	8219.35825933461	8039.00494567775	5010.4441142218	1793.89473443105	304.427670282935	0	52.9924495885943	64705	327981
7	44974.3648862222	9092.23102007864	13686.0219885072	12642.0310601209	36040.5121050802	29779.7065638526	57895.2832893546	136456.086586286	131733.036208059	2451654.14274299	176781.460785731	56986.4052950446	121732.825155305	27246.9645237544	47397.6753400824	20603.8229925198	19792.973516359	68352.0797734883	23766.7396673017	17618.2538297394	23016.9207215738	8494.65436775163	12525.1905714502	9315.62589074687	8996.31770975159	9247.83922986628	4424.9049980634	1905.27421997177	434.117465559359	0	49.6130887964214	64566	319494
8	52661.212505326	9304.39791474326	15284.6381528305	14114.9434986661	30931.6471536481	32688.9165827722	53667.5875515474	144432.166701461	125458.980452046	2434078.50826317	165683.10107347	61563.9511700114	127115.165750413	26179.0180240622	46234.3451254302	20527.3879031816	17757.6662425345	74168.0436516458	27120.415942331	18208.1954410216	20955.1237780057	7770.54470439227	12391.2985038531	8824.70353873519	7871.48931273051	10039.0532284781	3490.31359358962	1563.06489570033	414.949906442912	0	50.0813010311303	64340	314896
9	41807.8541121997	8004.00388964082	15007.1924697013	12994.3043842515	29643.7573935052	33409.0709333037	56154.1472349175	130943.594417678	153684.643361219	2480418.61482963	161209.24722206	61308.9815586225	142262.143872388	25660.403441335	47687.1740436954	20796.0814344551	20696.9411054461	68586.8720390034	26093.4429613262	15042.5881025796	19588.6197473531	7306.11890640396	11109.3109817875	10057.5885336859	8733.12813493688	7613.71034384856	4191.15763138618	1963.08808444528	291.234690038698	0	48.6657275064579	64299	319535
10	44741.4670309632	8433.76894687421	14154.4735629516	12018.5498530961	34400.8894700568	32939.4513555264	55326.3550614422	116512.342262145	105986.526286026	2421862.49145208	145974.806624835	65260.4345012328	123484.682180405	27150.5844852682	45037.4992535003	18302.0283052924	20728.9798367129	73122.4645575507	28221.14985375	16988.8404258556	19231.8953727994	8277.15847305101	12773.9358771483	9915.07031631603	9241.69641396634	10681.617225472	3818.57480703962	1398.11242261014	454.186666605421	0	57.8577043666081	64583	315015
11	39034.4850415861	9118.73366415643	14272.3072481302	12044.5391151849	32032.9629704063	33646.8839529545	56009.643736376	123662.457063926	127030.689245387	2528011.72246997	141939.838918283	53966.0778899883	120502.272900566	24364.1880429975	45173.7349980875	18843.1560356899	21286.6033897508	78164.2231312931	25547.9205643695	16376.6045951127	20839.9008486869	7682.61570326904	13130.9888485725	10889.2450340803	9326.86528726747	8426.45551054874	4560.17463611093	1849.58351754726	350.175600267845	0	57.8204207144407	64460	316900
12	43624.7659769219	8040.76004815655	14083.6642742325	12322.890908045	31478.9070846619	36554.8822316002	55799.7115012018	129196.866152608	133233.808997718	2629922.00512958	146775.658276118	55130.1536099116	122008.972334748	24242.3969780266	44131.3432050055	20351.4541346908	17000.3353790354	67675.0520777422	26548.0872467595	16701.3472276845	19131.2946878051	8372.66969881448	11703.0803644192	9502.57208215636	7571.51769972641	9325.74532987352	4671.04705552844	1511.50788770533	292.995468420891	0	58.1438253811575	64142	323426
13	44090.8315981845	9015.88072118686	14247.4015844985	12337.4276348761	32182.9101236379	28497.6123974523	58094.5525410706	133484.224817144	143926.292949665	2450048.73916193	160351.313460585	57169.9357649762	119873.657625561	26709.3188492096	41375.0687563239	20622.7564298956	21251.0085242092	63355.5647124268	24635.653206021	16887.6683372431	21705.6492657369	8493.69921281632	11918.7374659543	9473.07112934125	9120.96414160532	8490.18513823766	3881.32393340444	1618.14422380867	285.576996315404	0	50.9216296488559	64207	317394
14	40626.2008482979	8592.25923578985	15737.7189836052	13211.9041720986	32401.6765491527	30337.2372521622	52588.3714985663	134960.911192388	124093.502560781	2449309.59885454	159554.623278108	63180.1819652035	115037.182275581	26817.874344815	44810.2997187304	22553.0892127682	21271.03795058	73029.9178831795	25267.6217009219	18474.2776787705	19392.6878726706	7740.37709060368	13107.4168753137	9527.53060215635	7761.99789502841	10163.2751907881	3460.45506078898	1632.10877723678	295.510017704392	0	53.4603137969056	64517	321675
15	42988.2485910698	8044.91644841519	14453.991241793	12652.6760448405	32589.0810104168	32300.9406361638	57022.5686820578	123563.977949434	114592.918948875	2585500.09953347	153698.508769837	52651.2223101241	125113.489680841	28599.6892500368	48544.0802720724	19593.0408168459	23641.7434789632	79158.7873876152	24298.5590951442	17212.2398926953	19727.4615230986	7712.26920767425	12590.7607105468	8716.17614796043	7748.94962810358	8377.08992303801	3832.17181079661	2004.55469654961	356.025354420001	0	58.5089760116739	63732	309955
16	48333.4456975537	9351.99357090535	14104.127656257	12954.5282622444	29185.3769756731	30708.0360487582	55009.1370981311	134039.733948583	111254.527123777	2512507.10396986	160174.614649709	60806.5722183048	112784.087949428	24969.7104277938	47177.1778968201	20227.3771656459	21607.4742819824	70733.0104901336	23272.1130432568	15484.1538373206	19852.1954074361	6923.58798658324	11938.5676909824	9650.85761929919	10024.1701960928	8801.39067587668	5744.49343254656	1615.23902572288	340.756341010901	0	55.9846675756473	64190	317045
17	39495.4966369679	8336.54927123818	14003.6381105016	14008.6584469923	32470.6893106408	29707.9101803201	55491.7211917996	129227.360740774	130566.659206856	2504325.27548477	168370.252040979	53722.721196151	124069.175481753	25648.6795936787	46873.0954897357	19195.3890617479	19407.2137385606	72611.7485915263	26872.6733819837	16207.8927709633	20812.2363731374	6912.16894241093	11995.8411357678	9342.05552432682	8452.64084374348	12288.8012445089	4920.10919296263	1605.24080274798	348.449377486105	0	52.218643465364	64514	319117
18	43374.0138471013	8510.70467586302	12732.6820406106	14097.4919746083	30158.6754393685	29807.2358966095	53147.3054487677	124809.116048509	139082.284025093	2530132.99793942	163419.333452631	59189.4577802736	119900.843367388	24775.3471039142	45847.2468666036	18440.2697203435	18856.1451609226	67620.155688237	25574.7625263392	15725.1422944316	19502.1955763803	8667.24239203715	11169.1619770738	10087.2182625262	9434.28744047521	9986.21626920084	4487.4580343511	1645.96731364124	394.623416644684	0	53.2516948352557	65015	323931
19	48769.6374620699	7692.2929806123	13931.9732822292	12748.0360171327	31149.7360201279	40206.2833459276	56301.1051520456	141820.475604153	144201.594500474	2547435.67322693	164417.960673516	56453.1222989003	123471.9753479	24741.1875513763	43923.0829201771	20263.9752656696	19197.6252800402	75208.8876649824	24823.9063856896	16700.2780933956	22049.0323158933	7265.15104185611	11664.4805197178	9392.16541407877	9077.34969058839	11351.6978510987	3527.93736353834	2083.11114629062	540.590711399902	0	51.2005620813364	65010	317457
20	45059.2260796584	7958.36142072839	13647.663712251	13544.3556166796	31110.105561012	36831.274800976	54850.1250647312	128614.828463682	153582.362198616	2488052.67639693	145476.648886047	63440.5526654646	126329.125807376	24984.2613487709	46533.9852647406	19686.2396553249	19230.1242109802	71139.9840648309	24947.4701339677	16877.8376794971	20151.3630051848	7293.61111556442	12312.703175949	10534.7563047296	8200.47940131413	9942.08202841503	4414.16183776819	1417.11150634604	264.130394483066	0	52.2251953469728	64432	318557
21	47606.9208434871	9253.50314678402	13840.0588272798	12914.6944426051	31885.9679582059	30011.8806203987	51981.8814996437	141717.984447615	154272.708525376	2444694.29907236	162319.817736947	59702.4160520843	118050.581296516	25650.3013202245	44693.642208824	20143.4363711505	20943.6928843833	66815.3489229618	27160.0463799103	17718.4815421261	21662.5677139446	7348.43006727474	12202.7513754795	9239.39327987344	8288.91348690965	8564.41510313275	4339.7787910938	1800.72780190156	393.991049770194	0	48.922460867182	64706	322670
22	41964.1333345822	8002.96799409526	16517.7050246873	13614.4584219373	30825.1652080428	34001.5812716712	55683.9154430781	137593.138021484	123740.629064498	2473079.45221646	161299.613530262	56417.388820377	120134.39630853	25266.8779170277	46408.4586324382	22072.7572952013	19121.9996193348	71332.4246093239	26132.7358605377	15287.7352814607	20438.1179050262	7544.5726639223	12343.778440006	9914.95903686988	9361.64259328265	9575.02463582889	4126.99113142146	1525.50272760189	488.182645492351	0	52.9385224210177	64364	321985
23	48405.4010640933	10236.61168764	14615.8273925951	12340.9253703939	31448.7851390134	45264.4848485155	53606.8902806949	140366.990016714	127560.452782331	2309637.35854332	144224.467380193	58877.7998264282	123918.892794701	25102.5413383499	46750.1157600496	23333.1586356154	21207.0446140164	73619.8985123749	26080.6370187899	17350.3612958614	20715.7956809246	7724.8590001552	12441.3988867312	9472.74242583484	10056.8781924078	11401.9157245926	5280.98000210067	1556.25522115245	385.991149526432	0	50.999917491987	64297	319863
24	45349.5759490441	9051.2819273837	16453.2587107865	14052.0430694739	33868.8107343934	40514.7303016334	51675.5228455804	136935.216335059	118773.43461087	2384482.80418737	161977.804616748	59272.064616309	119867.432049986	27458.2742461511	46669.5470283922	20049.0616747697	20156.2138572658	67752.5594176826	21974.0100553988	16437.5005139516	19473.3644310059	8316.21856355974	11726.0523010036	9188.01422115497	9881.0547511458	9550.17307980106	3520.80002200138	1446.77519437517	307.291748267301	0	51.786212851376	64449	320250
25	45786.5427022405	8460.09714471475	14614.8375516182	11648.588857565	31774.0806282393	28948.7354709907	50799.3783024047	146316.773743532	122260.391520567	2456780.88553867	153206.05767604	62390.6952245979	115761.645794671	25194.9679443768	45931.1134794117	20361.5126648666	20472.1763791184	69798.0829640897	22527.2412496555	14665.2111830917	21914.9935020596	8075.18574738717	12599.2501556188	8756.79652635652	8321.59171529684	10082.6690894417	3700.64933758464	1564.87332965681	355.225979758294	0	52.7469528679022	63935	316751
26	38240.0475136885	9549.0847412948	17197.7129291787	12529.402247323	32073.9379689017	32347.9178797639	53538.6839872803	138721.114592323	127731.168985563	2452439.17315246	169400.186038835	62545.7050265839	113008.314449352	26154.3232880424	45616.4457336012	20325.2299148674	19641.8494141383	65544.9694902152	22730.9448049955	18255.316853095	18536.5417438075	7475.3916711505	10835.5120501426	9722.34656567086	8322.79600238763	9137.11218418134	4950.13474109014	1612.82607042691	366.734853322179	0	51.4548922186036	64453	317244
27	39688.9167690637	8510.08913934769	13544.619319711	12659.4578982871	33388.0149842908	31266.8857230014	55979.206934329	129551.749720538	120630.100116063	2565329.44806353	186870.242527376	62112.4583951515	125328.347535972	27887.7256560213	45530.8532343457	21602.8700974357	19483.2468381115	68482.0445189225	22311.642927569	18892.6368449001	18622.9725795067	7469.0719498244	12935.9796202306	9330.8088636227	10214.6222681895	10328.0102818612	4687.36227271121	1448.12238917612	267.452271184319	0	51.6150124300675	64410	318339
28	54981.1381621974	8661.48641677245	16236.7431536673	14709.6558534264	32132.8536137708	31081.5512563948	54298.8066847888	132162.239239503	131000.508671217	2432941.75380614	154592.45882401	63637.6176351901	123055.977953713	24301.0836021438	50270.662927879	19042.3438297374	17765.2058304999	81570.097985119	25051.149133694	16330.337616591	20360.1768034928	8618.09573747974	11683.6144216393	9700.42715677568	7506.78421376163	9544.24945256548	4584.83353861864	1941.25305626562	419.682241344689	0	52.1698645079824	64561	325494
29	41620.2514584592	9052.72132068425	13245.1336944058	12023.5284697122	31382.821431213	33216.2826293037	54390.220614638	122930.448414003	103205.931030825	2499980.29086188	151997.501879832	55421.3212661265	125014.499358581	25350.7750286582	49285.7626463048	19235.639556086	19149.5675791835	65932.3989878106	24286.4282767561	16635.634806904	20223.6300977766	7528.76938632118	12150.5770942604	9673.67719831366	8466.87546749388	8286.77033644826	3678.2122328644	1699.94645657499	278.403640926275	0	57.9697519107505	64237	317750
30	39318.3481172887	9442.42294794533	13853.3396913741	10731.181363718	36509.3982169965	28552.5565937238	55738.2081978081	130162.83575975	126496.273977026	2231197.18469668	156297.853494022	57875.5907473386	117829.668010829	24652.7649036135	48308.8114321821	19001.5187365081	22231.8503503111	72674.9529910338	24503.1958329726	17555.0305208659	19789.8955125336	7625.13522578791	12671.8841964152	10081.8400819022	7692.88737200595	9770.3173156191	5057.11489356135	1838.89629836283	301.985623480643	0	48.7542645406384	64721	324596
31	42537.7525043334	9308.20053479443	18428.6781306497	13160.8313610906	32912.8501961938	37817.6908636806	57980.3052423242	140887.202766689	131895.122205502	2456465.6074273	155069.294257363	59162.2989165236	118050.975367691	24226.48287038	48762.3870622119	19514.2224886367	21205.1241873144	71831.6368589686	25244.2781334122	18328.6303070663	20703.8883406542	7166.93822467607	13198.490461806	10318.1019835878	9584.9652529111	10119.196527101	3946.80196213939	1536.81519805624	416.486306685031	0	52.7880169796557	64295	316829
32	52889.776559394	8459.49768767756	16366.8534955478	12880.7434657648	35725.295571978	38816.9933978527	57507.5159707177	139767.617631732	124754.639595002	2528973.10129213	171863.080548102	57278.0658619816	119934.397409012	25735.4417944492	45477.4253195146	23394.0790360449	20635.7064440299	71985.9028010381	25230.7918162628	16719.1687438249	21076.8188179969	7777.48138741542	12152.235655735	9760.0409658005	8114.55200964989	9056.72859424177	4002.82056444637	1935.81627648495	222.2999718833	0	52.7528237597819	64215	322902
33	50158.9468885379	8638.45179764507	13223.1390029971	12231.5971405619	32613.9341600221	36628.3706576145	53038.0453852281	133215.40495736	141570.576880598	2355923.42618883	163807.655371516	58440.4472992199	115291.062361925	23033.8877639255	42245.2685338793	18950.3893821979	19683.8441862894	75669.7537385587	24316.6412995024	15781.0347885297	19648.2108394209	7159.41771206772	10337.1847596174	9240.70924021327	7693.34484805941	9817.16300351107	4907.23962456127	1563.83122660024	290.062505606567	0	48.7585546494493	64356	319821
34	54502.6827263157	8388.09202942361	12625.730399566	14294.8728457157	34200.5536122473	30046.4769180698	53032.7169692573	143256.952622756	119425.137168584	2540527.96549249	185159.777175705	58822.7843821654	118781.469819654	24129.5836347379	46927.8813844392	19188.1242369414	19030.1255201816	76178.3061977936	22081.5052607527	16935.699631419	19556.7599780103	7638.67888876812	11656.4436404258	10504.1530800896	8518.26360601331	9756.9513914053	4580.50745816037	1632.94759854567	238.650380226903	0	50.383215652312	64745	313105
35	49835.1704043333	7620.02911623781	13656.2816087382	12415.5174757018	34702.0005030102	33195.9497468741	51589.6583970804	128539.242855323	156842.914138793	2416977.78698048	167027.152283443	56529.0076017698	128685.019626323	24587.5970541705	44803.9753850925	18394.3872764218	20929.3014258122	69811.9966594041	26183.7996283934	15509.4971186033	18427.9698350484	7305.58439557328	11052.7906924171	10218.5153684237	8541.10976275933	10105.4986173092	4823.67857061692	1868.26201385043	326.92133649874	0	47.6864574525946	64386	317486
36	46820.7295428228	9157.27204062992	13510.5863217973	12226.1231980901	34685.1873374401	38168.4223740173	49648.6234447263	127466.680638351	123907.691194434	2476675.90966676	166702.214799549	61848.7121011033	124043.61862024	24806.5366970153	50188.7906086389	20665.374038153	18261.2818967019	70233.2281035596	22329.0386232146	16869.8560262573	21835.3291892122	8293.8552407492	12598.9914845137	10715.4618495722	8664.49892920508	10579.0684688708	4157.59436578835	1562.72194671165	393.402990310184	0	52.8327804453912	64997	323667
37	49957.1817932854	10044.1348119745	15219.4642039621	11590.5870604928	36522.4182123134	34852.9001954657	55260.5738783773	130160.854821319	134481.605700408	2625031.71390824	160950.214254133	55449.4915140171	123005.591496455	25165.4208613841	47556.6311263483	18712.5738654322	19448.4996459686	66112.8932335464	23978.5913893867	17128.9770062537	20231.0316765013	7981.28598990008	14253.2817956282	9300.51912159762	9698.94275312508	8640.83737911414	3968.00695941541	1790.41608233375	298.957570702323	0	55.9400438877889	63866	318211
38	44924.9336493817	8301.14788835602	14106.3002658271	13491.683713863	35054.3900474734	31657.2505344879	48848.5927942937	134926.265940036	138206.069476347	2509643.78223652	174596.084695373	63803.0921646821	134359.976315608	24801.2622369486	47490.3892478389	20079.7572965692	20711.1175746723	75991.7047339873	24483.6035670104	15541.8400020709	21899.2939220955	8740.53431020598	13506.4964534959	9598.63251837123	7065.36593600164	10592.4048968344	4219.64881667195	1770.62592318982	490.474405336734	0	49.3758578632847	64414	318962
39	59692.4736927765	8772.47268236888	13066.3004446258	12618.6831931105	33111.4733166517	37493.7481987211	53846.3486849489	128353.998210736	147725.380336277	2431660.53718126	163191.998833486	57319.7066699768	118597.177137273	29283.0152179027	46832.0462375972	20712.4349393772	21024.964322095	68414.6818349195	24922.8010309771	17293.1950013324	19664.5568333422	7753.69842572546	10813.8791662249	10166.1684162594	8054.15566261254	9934.81027176778	4245.69182156727	1726.44386156141	441.574812198559	0	50.6611732703433	64482	321730
40	46576.7525507915	7103.41906435582	14517.360505606	10476.1942027793	35513.3718108871	31561.5635820893	61056.3489087154	127102.139188046	130629.964287557	2515962.43522174	145202.19647614	56524.373309825	128015.234675798	23063.6446946684	42238.106770688	20072.3033794991	20114.2570309012	69752.6371289355	23877.0535597854	16957.5210352621	21024.9631912956	7686.73023863119	11499.6768588811	9195.64707954094	8101.6820241921	9287.61347006596	5304.06020575104	1783.80468886016	348.302825169484	0	55.4128041380222	63770	313458
41	50694.8456955843	8319.26078153357	12980.2299920997	12720.5250337544	35636.8876540745	33761.3882924892	56453.4929235474	136271.934553371	127442.045394337	2462218.61332303	158437.823734628	60184.4467524053	125618.808895116	22479.9573420078	44708.0305058081	18990.6005320655	20948.4579356824	68422.9365731112	24612.5611830959	17709.0388918501	18383.1612715909	8311.40525461738	11000.2010845768	9660.62668546099	8524.56559410745	8264.71626456897	3078.99505073415	1476.75183699762	411.272840981287	0	52.3074111625288	64291	321693
42	40765.1151711488	8574.78472235836	13442.8827162983	12617.3853542349	33097.8147059927	33141.8094854006	48360.9478404609	131698.863980908	134611.189437765	2503501.69006116	150947.621864154	53687.2511301823	116305.838793865	22652.616765493	45329.1269966667	19117.4865567235	20475.276516933	67241.0095526334	23630.6271318543	16826.3168807457	18717.4991174154	7347.58045136322	11979.6538596993	9578.19072036824	8872.30275976894	8912.54631876867	4620.1037974657	1427.40415273023	254.606548753366	0	54.7147615259816	63985	318727
43	38951.0686364311	8905.28859386914	13762.5225080476	10783.8687895767	35979.970099991	30924.3192508406	48500.9009795645	145264.499891499	111109.771812458	2473865.14037277	159200.491182827	66567.5118448426	120681.275854463	23681.838259285	44573.1497133673	20349.2829911368	23857.1880213152	67920.6525121816	21962.5735359985	16148.4313269477	19707.1113855163	7207.83120186648	10654.2682140314	9959.51888960515	7143.23881326185	11206.539380787	4258.44615445098	1796.49499402981	301.937316228125	0	53.0360674678171	63231	311772
44	40810.6586025035	8156.34945425741	13776.0602772288	11249.7597597063	33524.1004588055	29329.2752470245	55544.5640326237	136808.29842813	113924.557363068	2424814.87849021	152452.494756745	61433.6171482831	125745.403795578	25769.4932142701	48493.0999306095	19472.0014824849	19591.3003679367	80648.7277575784	24623.076859193	16656.6051643604	21018.7388304311	7250.02024077072	13203.7424257901	9377.92117763425	8299.4220782246	9698.66703054088	5558.22096720808	1740.39447848527	466.34533821727	0	52.8399541812793	63615	314866
45	52782.521412458	9225.86078521339	14517.1707243034	11471.6060652113	35164.5750551609	33159.175540158	55274.2318587354	138388.7044835	131599.425741832	2533797.06792466	160787.398902491	60906.1229799485	132115.484139429	25090.0647904471	43313.2191671402	19210.5394430515	20435.8773803383	69449.6932816361	25736.1216012491	16180.0778632085	21785.0939012932	9009.10354449414	12692.8732855007	10505.3625023668	8017.10975977732	8862.04322110879	4710.29518119878	1489.47247372764	324.841232531238	0	52.355888645689	64910	324978
46	37707.5770169615	8240.73633420366	14401.9503141	12360.9407151559	33715.2883331256	35846.8309822989	52572.3067505489	138295.162159798	129703.552749523	2554381.27985533	161750.77332768	61035.1082755657	137231.84749295	24510.283014431	49946.0213528396	20636.0851822805	19899.0724690875	70293.0707274277	24676.893177073	17475.0459119082	20920.4609611067	6796.0750998234	11796.9934460094	10751.5311107465	9075.5020473944	8603.31491885646	4371.29755884054	2021.0372649315	352.962940588488	0	52.2784861261868	64484	325706
47	45853.5272171124	8389.81039490015	13620.0244573012	13108.7733515133	31905.3718008098	36852.9103076664	53782.3734631186	131590.927784674	127045.9435056	2532955.11806628	159499.194040815	53501.8198733661	123725.600471553	27020.4028040942	49017.2623621754	19353.6246480591	20013.4756184179	71089.7769855793	25320.5545497447	15757.8592210725	18346.1468198621	8013.09807735029	11603.0871687698	9153.68235322048	9854.53432137411	8317.72601006067	4833.40195681838	2128.71660739467	419.112069616614	0	54.5305292017331	63685	312863
48	42897.4243103615	9906.24889742339	13522.9584626061	11882.8111177032	32308.276360177	37714.2370646829	52941.0797039344	135515.835449977	140075.068855631	2408726.53098396	166374.604310204	63416.9453600847	127611.489976739	26066.8046781177	55875.4690224373	19215.3112205199	19785.1036485611	80903.5289678071	27229.7406106564	17944.9503762634	21082.7452397159	8229.2026065621	12275.1932322268	9083.213161898	8481.41328593335	9254.0331235342	4074.55583459437	1614.51344285572	286.100036334617	0	48.7881495504221	64239	321808
49	43623.6825083334	8554.07299594162	14629.1560240405	13091.5239605199	32070.3391869785	37023.4560780947	53163.2009979216	137247.770293774	146185.931351739	2527754.04787591	157642.045852828	56179.0129211024	119914.737278589	25122.3533046581	48698.7559689854	18418.4910180255	18061.5652332606	77755.5131667347	24993.2101937956	15886.4496649418	20780.3956461528	8610.87146568947	13869.5650538156	10187.4174755092	8551.47468560725	9927.76636597432	3281.05078615279	1330.43468108085	313.857404771758	0	52.0124293135097	64808	320336
50	48794.8852911929	8584.20508025647	14699.1408478941	13559.0165327941	34425.1928506287	28821.8427484775	54514.7646254757	140162.420665883	130828.838513375	2711872.00120478	159338.460732542	56130.4694050461	123853.674327201	24673.7200636745	46768.7537643359	19069.1905003989	18935.5758288658	64438.4918871813	22866.1057692544	18718.4366154865	20842.7317412361	7447.1882211495	10477.3818597667	10306.0875731429	9561.17361635478	9149.04557925412	4104.14437603479	1386.89212725098	356.548756960851	0	57.0192342299305	64463	322860
51	33696.8220437416	8545.54951955577	14512.8949582902	13286.2331425127	35034.9956552034	33054.2355302416	56863.9233033648	134101.436087028	147081.933085711	2482167.9534757	156690.846776415	59831.6644394982	120298.67369654	24254.1900349246	45220.9087106252	20639.4288069927	21600.7911705457	68568.3373736578	24510.0808058182	16604.6263104147	20385.1708502639	8184.70664330343	12903.2351536594	9791.08506812319	8751.01794659177	10153.7485441164	4243.3361362395	1508.16294893621	393.123251180727	0	51.5388721514284	63986	314899
52	42391.1241373351	8221.9560773	16119.7345048827	12153.1836731702	31545.9213112794	36719.1125280064	53020.2300553912	131658.378909846	133642.670186594	2394277.70748149	157017.851142659	66371.7622120542	130343.927635702	23332.1948018976	46154.4182392607	20978.1094674382	20574.8601269593	72912.7022940506	25367.3150968837	18109.9853773077	21492.9619670878	7525.64703836889	13899.7449693536	10658.669498118	8535.4356320028	10186.4694011491	3389.70287031517	1401.47809331156	415.389315742116	0	50.4537958088325	64592	321021
53	42745.8850976755	9594.47621613241	13201.2242665365	12201.0325038193	33628.7125846348	32598.8764677202	54608.4029803127	141163.081473011	117548.022322698	2417721.22936332	171053.403882239	63095.5911950408	124251.017379316	24523.2085279906	46716.5389796833	21128.6075843448	20752.8808458452	72241.4677535846	24941.1302214201	19398.0710341534	19678.0124434736	7609.63646888188	14204.7912788133	9013.28692456919	7369.90104599127	7916.45120141184	3989.86759336276	1466.6329742918	386.683228925027	0	50.1328975180284	63627	310759
54	50633.6041690617	9431.98775214183	13428.1712430119	12147.0913752782	34560.6632979628	32350.2916027727	53510.3204092291	120763.263686185	127579.690994361	2496409.90429514	154227.530903622	54474.7635487219	140159.248878126	23788.0439834766	47530.6338232975	20349.822726623	20147.6858378311	75241.0014775468	23917.0429877962	16149.995926814	20864.0437765108	8578.36657288659	13382.9190343109	9041.95771318731	9209.03734294995	9658.90632387582	4544.36294763131	1714.47251581978	262.758661480625	0	53.4918849407533	64568	312145
55	37159.4330391423	8305.2404206354	12852.7980597068	14082.9504373773	34961.9718193501	29431.2809820673	52690.1829961906	114270.195992982	136243.647195134	2526601.78387263	151980.065442688	61017.6425121173	132024.945145142	24146.5049317179	47090.0301445609	20239.234396563	22736.5355928692	75657.9074193413	23631.2991791716	18543.2169162066	20621.9867499545	7573.46712979763	9325.47755149727	9533.66304500395	10173.0727853926	9048.59021786911	5180.56709418995	2005.51979259447	348.961028171589	0	54.9678106650397	64304	319111
56	49414.8615710191	7910.78504875051	14175.4896226383	12261.4060220219	32979.4356110646	34944.3685349317	53503.0184671725	119281.693107677	147981.730588	2611826.91345613	167614.429657223	62907.6454290766	131892.232530654	25576.348905483	48639.9423618665	20269.3676154847	22199.6223751866	68969.3838434393	23513.6956754552	17395.0263252834	19315.8726002173	7686.05246841812	13755.708597565	10109.1604192837	8371.67366988573	10666.2566309591	3767.92039613037	1774.85261255834	329.52981917766	0	53.2099501399092	64087	320035
57	42912.9327103231	9049.43309423804	13240.0939109153	13344.4119906082	34708.673290227	32277.9090529911	50575.202784687	142599.412626466	121899.690738417	2368321.22212545	146209.477205762	60339.2066631498	127842.874157457	22591.8543858111	47937.4007762348	18202.7462578486	19312.0180980201	69105.7446932874	24202.3102433663	18025.7597879453	22236.2653262313	8274.91699177658	13083.2700688552	10872.1537387334	7712.63142016531	8482.9608919792	4444.31445758395	1597.74585235725	499.678363807456	0	51.3062716499847	64251	317487
58	47680.4393476732	10272.2134591063	15155.1259290134	11611.1648296298	31721.7587283986	33719.3410206505	55345.8580848575	123712.994705825	155116.397547778	2517035.92901867	161781.006034491	56176.7476305271	120656.338584123	24983.8010568946	51200.2837385597	23331.7998903189	20105.220894576	76530.2361209613	25784.0405881009	17364.3097174701	21985.8130843205	8234.37744772797	13459.6056965914	9854.28749957711	8013.23004300181	8537.56357265382	4065.84760899762	1603.15836910882	192.701136629611	0	51.8353555272457	64555	313683
59	44451.6542904817	9069.80709054286	14519.6988018107	12558.5674066053	32974.2648954565	27565.7603526756	52024.1345610545	135005.610459421	115078.400237174	2485486.96516912	158135.154755689	60300.2416266105	122597.630660397	28853.9273734329	49135.4493964062	19049.4357206373	22741.123890452	76522.526687277	23157.9937915669	16005.1406525503	19646.3850082727	7179.14515340266	12123.0426177314	10016.81778734	7746.6148629465	8813.8759758793	4318.16739494184	2129.28564664514	467.666220930542	0	54.2577072336448	64149	324424
60	42182.1181983131	8070.4816924082	14752.1072314087	11351.8113958966	31343.8484619637	37149.3341642651	50485.8081615469	132058.942098766	125906.510270408	2331199.25646647	164149.657270946	56868.728377558	129614.912634437	24376.8844131064	48828.5928730252	20930.1869820879	22816.5891402235	70011.4514305489	26643.5080513429	16595.138885243	18813.5539993287	7604.38059748924	12654.4782449958	8982.83569135398	9725.7747139406	10449.2426723117	3964.0790647426	1575.26144574627	420.647549052176	0	49.0653341555779	63597	311262
61	54509.3996648673	8748.08877467269	13498.472349327	13776.9486834333	34098.9462166926	36235.4662081406	51466.8769810811	139602.781984905	138881.308841833	2489629.23508029	164996.728880888	57119.9378638171	123936.870414777	23652.7229951429	47987.882722564	20061.3260162269	19775.863314232	70182.6973849157	26318.3046426311	18043.1094027475	21257.8665362391	7594.60792078703	10420.2945391295	9172.57371121075	9172.83065024228	10519.1576334397	4916.51954608935	1626.39505267229	342.301596432513	0	50.9751542891518	64644	320914
62	44008.4729896244	8825.34347951788	14403.6677425528	10999.2329430273	35458.5030395383	39263.3622061277	58391.3660178855	136354.484022103	148055.33521963	2384821.99357504	168770.889674909	52495.2609044543	120237.617963422	27352.4649641866	42616.8816643746	20608.799062072	20748.0643178674	68237.0464044821	28399.6430765169	18285.4118609651	20539.5128136867	7835.06687555096	11386.795427742	9249.01782946011	9284.77858244234	10516.9303828652	3436.91039142029	1759.5509540789	352.313732554456	0	48.149315185024	64398	314190
63	45901.9132853368	9425.34156189175	14301.8310817256	15408.4731042228	33226.3198778881	30291.0565017631	51635.5250911153	138339.121733247	121896.906662328	2414130.62005845	152062.947793501	57132.4645732578	114376.893381248	25103.9395119099	43897.2859248764	18978.422194837	21199.6296489506	70716.8284231702	21857.1470045195	15820.6130527254	18808.8701417973	7590.19000818059	10524.4094339353	9362.83561493578	8280.34055729035	9184.68425805435	3403.47584724437	1848.12679675245	286.797613919066	0	53.4467918414048	64429	324458
64	44883.3303693388	9988.45154659844	13459.4642525498	12880.1575309619	31244.8854479698	31015.6460409503	55378.5540260648	143039.552569419	126722.918678046	2666026.78371462	152935.157397231	66526.7171819692	130412.784692341	28769.5175067736	49487.9729871101	20096.3675716431	19563.9936163889	74763.5010178677	24248.6883179956	18945.004889866	19987.2514422128	8316.13334525097	12144.4155020238	9996.88611432777	8761.8439625917	11091.3809030549	3957.53282361355	1572.92105144644	396.909443400245	0	56.2670711083396	64092	319085
65	44337.0616891096	8109.87442682934	13004.2301065525	11077.6047009483	32062.0250395461	32329.6015221233	54428.2305998436	120901.631132598	177153.283550809	2573842.98411916	152791.425383563	61086.7483130169	124622.68556115	23992.047534918	43526.4003063288	18690.4340134364	22934.5013676525	66258.1969652377	25314.8324448068	16816.0579235544	20096.6746828222	8556.5928520465	12744.9494150771	11089.016977596	8994.5098995808	10864.3266792914	3797.47145001402	1809.52599131063	314.982162524189	0	50.8223513015046	64556	316771
66	47659.9040768453	8418.44100007089	14514.0733966037	11366.4402647935	31417.6558809145	33582.0840661698	57721.1292491585	128373.48881553	124750.065498959	2558412.16911938	154927.02495636	60338.4903956936	113961.191532646	23024.0716148225	48809.4212797078	19870.0867583367	19407.6252568528	70009.2157133329	24384.0388451125	17484.7811353246	19092.8032108246	7671.48731314027	10857.7041447138	8853.27566809181	9021.28776221606	9968.35084484872	3735.60184593744	1373.70203203446	327.530677252611	0	57.0841342004434	64477	328269
67	47216.6632698375	7709.6151881417	13301.68358288	12598.6158768709	31713.1214076932	29585.8848057022	51223.2996051332	142855.012802583	127173.354463628	2597616.70489144	159126.390281173	56603.9115052857	139253.903160476	24610.6810577733	48075.1051236558	18984.2441692424	19163.8765775018	78909.6173797355	26660.5697645416	16921.5232131999	20987.5042183943	7293.55872951565	10977.2250432528	9193.82175414265	9463.40174641977	9732.98206085645	5877.81171603248	1584.84622168098	261.286268453944	0	52.6601754782947	63565	314009
68	37671.5943993635	9178.72155157028	14715.612458895	12357.1798724454	32454.6042579263	30552.894581293	51942.1918344002	131565.050633856	140092.455450497	2616420.27938062	166108.041935642	55813.8628684873	121679.860297326	24626.6612777074	44368.0284584376	20524.5476432375	18664.1175322728	67748.3615362201	26966.1508988094	15326.518541904	22648.2052739661	8584.76653863174	13125.3644066652	8801.23688180545	8381.23437384178	7994.66112096662	5201.1757780434	1748.06743333988	283.095733075517	0	53.9356970048014	63534	311438
69	37642.9400950427	7871.39887078533	13782.516826909	12391.4535048105	30940.92432788	40058.9612451379	58197.4027699745	126968.692436921	132029.700087574	2412161.9695326	173981.521835429	53136.579097912	120743.857506341	27631.2865355766	47067.2499847395	20465.2680566237	19903.9978434185	63998.6600793919	27569.9805103024	17669.0311956699	21495.6840564131	7865.86653865362	14141.1045196768	9384.48124782071	7541.46244813823	8931.29415060617	4786.90496855314	1651.56070201397	335.799481420063	0	50.2099997579244	63747	312752
70	52214.5448114201	9464.22868910443	12648.8731168064	12756.4496980583	34435.4785577789	34253.4184691784	54215.6547747691	126168.826995204	142981.00751062	2700450.78450985	154134.168986556	60661.4229812379	124149.017793423	23284.6592482338	38724.3649755233	20138.1050959387	19735.4303905825	63148.6395352852	24481.7221972313	18934.1594276686	20753.1491213011	7060.25937326527	10907.125308064	9728.27208784558	8035.15894127561	9537.73664263801	3461.67320156197	1722.70366127086	357.039299643205	0	57.6987483797636	64873	323214
71	40559.9438294605	8111.58463140814	12502.9404142088	11734.1540213168	30650.5330284545	30123.034649756	52973.1597474702	133232.635061954	124987.218986091	2356634.86358691	137198.399711835	54903.7264644767	126919.941882053	24837.9318961826	49385.0008477538	21536.1096287812	22332.9454844261	68694.5308875644	24683.5284134579	16171.1545645061	20727.2505346539	8074.67441385352	12158.3375609179	8967.66495275727	8345.68174400614	9125.28376901109	5708.40183046369	1846.22911655016	424.127875549056	0	53.0586594906857	64360	315118
72	49422.3460170432	8622.14208217386	14974.0121677445	12773.204703564	31743.1154402312	28692.0895598334	52438.8863792959	140974.822796263	111761.370819522	2429687.85993403	167968.546125349	61100.6681337578	125772.756764335	23604.9291755379	44693.0466280791	21333.3321329186	21398.3879077848	67171.8811337917	23458.5166137737	16457.2909173087	19464.8820007558	8276.30436784485	13168.2851102148	9542.53414369338	8597.56988308739	10098.9530374552	3929.68641173127	1445.26790688328	307.506640917193	0	51.0261610478508	64208	318168
73	48170.5672476627	8197.82347478784	13308.6514295817	12420.3421453012	30493.62410319	37596.6421796711	54930.3290652753	138493.627730197	119332.854433461	2657278.63952419	175518.323734026	56465.4303442757	128258.170353205	22440.7908023244	47530.7370303425	22693.353097788	18413.7662354157	68267.6134945937	26735.2167899006	19065.9759872221	20313.8009182117	7540.56283025567	10989.4511205142	9627.47233270148	8993.84197055496	11193.1116312625	4152.9461848003	1425.7938071675	401.455403593932	0	54.4078599842675	64080	320819
74	35816.1824248835	9928.9548649314	14574.3836081246	11836.9212384788	31278.0987430186	36608.1920365346	56709.7757869578	136189.455458704	128477.36306676	2425121.7354107	162667.022980547	52386.1120773426	121334.630980238	23519.6708970565	46591.9987382254	21192.3123485449	19642.8632833653	70180.4579868752	21151.6883690267	16784.5901606328	19693.5164394555	8107.71213015663	11149.8331773404	9903.98706922146	8554.40289135352	8697.24407514515	3925.03692377784	1923.97424923523	299.999761959917	0	51.0285787585334	64930	329146
75	51611.3652952905	8216.25610680781	13696.6208589339	13237.8858746706	32319.6156248723	34371.1552037999	56089.8423351737	128628.374645488	138070.678775232	2468772.36445819	169834.826775918	61483.4639135883	119335.867118996	25373.9090334401	43961.2882115218	20381.4510823993	22184.8710569239	64235.1572216569	24304.7428902794	17898.1946586596	19890.680681046	7800.66660884171	13324.6953088785	8964.11614511663	9834.76627692791	9245.51816635988	4897.95707139913	2004.78522743377	327.543967196241	0	51.3631448180444	64381	318708
76	44471.2095781001	10049.2631903099	12863.1630304642	11424.5095574531	31247.1704243302	34026.4419987998	54990.4926451291	139037.160405441	132776.587408988	2495812.75265748	165327.443939935	51340.7846692223	113990.579607522	25433.2408145965	46963.5828421346	20057.2616070609	20464.8464480561	79367.0072364164	26267.8015013471	16159.5910494106	18969.0004519637	8996.21533535655	11845.1434131524	9472.95683376763	9128.94709806412	11648.9334192124	4461.8087686951	1756.31717112623	362.980492261468	0	52.0089288955183	64604	316327
77	50522.1146687452	7522.74840155233	15737.4957164297	12923.6418499014	33375.7552333884	34325.879234915	56778.8341592155	124728.168526947	150002.300379656	2429904.48844817	152482.304661268	65808.5648442385	123368.994389797	24250.9428629532	49723.5653008623	19400.8779478988	21871.5627275393	76661.3574886028	22701.5291727147	19074.8208737775	22324.6079580396	7020.80035452835	11115.9205210539	9059.20376838908	8212.1160958505	9158.28399667813	4720.99288056203	1385.11455135937	329.862727969645	0	51.2358467307062	64547	321276
78	45439.4803362188	7346.97751734091	13730.7017546009	11874.2174002349	33984.9160248593	31431.6236532504	53255.3313667303	138048.028375164	159288.403761258	2431828.42325671	163631.608983142	56900.7438683939	126279.999214694	24952.243907787	45807.274311334	22032.9811875079	19112.5617514618	73548.0120756284	26601.4232804895	15875.053381803	20755.0253445124	7427.55466502679	13524.1968527939	9776.4018981469	8516.59729920773	9534.49936469912	3672.79748663224	1354.20595660398	284.760002003649	0	47.4630315850249	63873	316134
79	46020.7944723399	7912.69300436998	15614.0980219999	11345.0195175849	30946.1164113892	33202.8606007499	55332.2160249656	130376.177790931	156284.173426124	2362531.95607692	169292.656220067	60865.7743101631	128463.217887682	22445.639271417	44043.7653161047	18093.9382548287	18836.7255684616	73876.150002407	24284.8061610779	18049.3324608231	20688.6305429927	7311.63936825264	12505.493617124	10587.3184962529	8458.69325244935	12035.4114516997	4988.71873533786	1549.21851691165	240.424234992069	0	46.0151797673529	63841	314153
80	46909.9076157587	8863.52381040579	14858.5723970574	12212.7772657233	32120.9723086104	29329.5043181526	54017.5620108038	140931.599831158	140107.779055829	2462020.89819961	167239.269369524	62060.7898824988	120346.822256705	25696.4267040775	45328.9631582198	20708.8488443591	18403.6143936796	68908.1877227692	24142.2988855779	16910.5947857367	20415.8185651484	7819.67209320976	10061.4174566929	10860.1712349771	8433.10770612366	8257.04174611797	4021.78029807831	1633.11639912732	391.218638441358	0	49.7726323631229	64185	314262
81	41678.1412927986	9543.44728380778	13209.3328267695	13597.5471459294	32237.3738615982	31516.2531400877	55763.8537761678	119341.815475022	147360.757405942	2551440.69804121	170692.985969707	63001.7556268034	108781.202232495	25345.5215099865	44136.5252871179	18658.7598548243	18508.8897817741	61225.1691828458	24139.0593987682	16383.9028617084	21708.2299041048	9236.62905895909	13075.468374245	9943.95506958843	8483.33121169502	8983.70100456	4428.33120112835	1829.20989884024	322.729101050543	0	53.2124235294632	64650	322641
82	42947.7944429842	7433.46873734221	11906.0736740664	12357.9086993685	33306.588429724	34205.1411325748	55533.3535403855	139635.756258334	119474.662120313	2718012.92158017	161307.024128424	63062.4570616408	132873.190795947	25597.2465147195	49349.2229739848	20951.394876517	21071.1975003303	72678.6477096811	24436.6857892086	19207.3367729982	18898.4393190548	8727.47075455134	12640.7148226248	10526.6648984075	7432.94523623975	11094.5305656727	3990.60839052827	1423.68991408611	338.03781369743	0	56.9973486690995	64078	317231
83	40978.270898461	7539.47018973501	14507.7764560724	12902.6169721162	31918.3007838313	34447.3274186399	55355.9127072651	132306.220870088	138517.234086699	2413575.59036878	149760.034370886	54127.4599648308	117887.019924394	22984.6302215626	47454.8450911684	21933.2999770755	19205.8836407652	68010.257933248	25301.0303767284	17036.5783661994	18755.2662087153	7233.07639514526	12305.4386312177	9024.85811175689	8192.53508637785	8078.15056176238	4072.73164371372	1910.61432989194	340.714098800127	0	52.3696127799999	64096	315592
84	49622.510416267	9380.54175276917	13899.3778349564	12118.7343195451	33303.4078388765	35992.741393138	53344.8810509023	138101.199320931	130360.311683703	2470850.64362629	154164.004876763	57985.2016337027	124726.981228888	24013.4543150072	47302.5526182039	20656.6921250064	19676.268427757	69750.3907069028	24962.9055586717	17606.4170187392	21246.0680377486	7834.26573262283	12083.4146687719	9752.4346793383	7984.53830521119	10318.1177344605	3695.16547455695	1792.57243677688	512.133021388107	0	52.8444471628079	64193	320476
85	50582.2969228919	7128.72057982207	13902.2602447236	13670.1637957371	33425.4529339809	28517.5786733439	56322.6779908086	126010.017062719	120172.794227438	2552153.86363848	155704.286032648	62523.8714772636	131333.765382235	24459.4476849124	48196.7334253355	19533.6338137477	21501.8495774508	77089.458314471	26652.5832631766	15810.2368470546	20893.0111768619	9068.77430598291	13000.6877760813	10474.4684594524	8320.70344111264	8813.61211751612	3514.14341191612	1642.26619817731	226.977912750156	0	55.5829328640781	64191	317326
86	48415.9989633698	8399.9200378259	16316.0027689351	12801.821378333	33649.9738070753	35170.5796362197	57134.6112086534	127228.143661455	149299.935315961	2593979.73824922	154898.006595708	56663.0462548752	123244.770876171	26271.6136899885	50711.6866495391	22894.2385955728	20553.5675589545	68867.2629467927	25862.9612974789	18368.3669776525	18604.8615241184	7579.59057218883	11995.236632977	10694.9277425761	10266.6491589957	8321.18623608819	3575.95973532251	1510.472004466	239.326408781563	0	54.9582589338397	64954	322614
87	52212.8087834527	8788.02477486338	13497.846461291	13263.081752482	32376.3957835571	39305.1505110719	54480.1182088388	152729.49795819	124226.954348093	2547920.82870593	163617.365818984	60852.7490207813	126112.577279734	25992.5815789025	46205.2887457788	20220.8620519465	19851.3832152127	75039.7185272864	23302.1873742406	19241.1647329547	20630.7368649784	7874.0828701664	13545.5097391561	9312.03199400408	8547.41508443194	7811.9389361757	3757.99137808214	1963.63861313889	519.106887900927	0	52.0051382416344	63997	317409
88	43725.297958608	8433.66372313894	13906.113016242	11026.455714245	33746.7854726655	45051.3353051461	56201.7854199664	138206.707046024	134892.509011285	2462808.40399934	167056.319545648	59557.9000604594	117456.019677288	21970.8260115004	44339.3648642397	18794.6859557279	20149.3243465512	64614.4898269914	22436.7303009714	16601.6045450084	20295.8756795676	8517.3465941057	11218.0000649729	10396.6883389543	9059.1808475134	9085.53319893793	5720.28595272744	1515.76107475832	345.496667175129	0	50.8525024536423	65285	325860
89	41354.4927201227	7812.5104960883	14899.6533703065	13255.1609285207	31950.4551861417	36692.9123493953	53144.817054646	143208.471623983	142929.946164285	2410185.06618708	164830.452123299	56606.815444996	120658.614711607	25763.926320663	46082.7267508996	20136.2883470546	16491.8919036331	74367.3439346363	25067.6636715653	17171.1057854034	18019.5423679019	8673.35779166992	12042.1188452558	11221.7009239305	9542.21294188135	11445.3742309776	4309.77624749645	1717.24648052914	411.516641219229	0	48.4651315313682	64600	318324
90	48880.5575998876	8511.44470383682	16557.9342849798	13150.3465899518	34163.6143198202	33179.6540678528	56802.1888258514	137131.770215202	151849.906302121	2458086.58393617	178000.798049797	65285.8478588746	125103.037218095	28101.7070959544	45107.8723778704	19453.7829804688	18733.3515330524	68497.39667381	23616.6288042276	17721.7779622074	22539.8866896881	7969.03715725555	12002.227415459	9928.03322427532	9291.01588876878	9304.89437198697	3900.61949457529	1517.28623803457	485.643389310057	0	47.5329348733338	64467	318654
91	59575.451664593	8398.68983444522	12088.5718004188	11925.2463226601	31366.984561281	30583.9085686371	54220.3663650141	131092.860536122	132931.579916977	2374440.73586597	153519.800020284	57937.8186356033	123880.149885668	24896.1583412414	41587.081047429	19914.3565167376	19469.5747731879	70494.0426315748	23844.9452402216	18206.9098095659	18508.1556043386	7561.9665207114	11913.2886319249	9375.41794282841	9558.81761278466	8557.33473104231	4228.47576530585	1630.3196036345	340.553355165321	0	50.8969509590604	63851	313702
92	41026.0215374052	7955.72851057362	14576.4511261809	12552.6441368564	34204.5525558856	33962.270461646	52502.592820524	143019.207533123	122853.388589659	2499498.6477084	167766.234581104	60839.8888280851	130354.779621052	24507.0877670683	44991.781657991	20716.5270248875	19237.0356999928	72798.1096190472	23829.1642612663	16699.1884577029	19163.1083543003	6987.48386428501	11652.2931125133	7999.72199590662	8767.56645878504	8761.28499470622	3491.52636505789	1766.69766614421	333.84736617906	0	50.9455653337577	64528	318458
93	43475.2669036708	8418.79188586408	12797.07990759	12892.1676055842	34889.6341030534	36665.2118210301	50197.4021510131	128481.301532448	141176.076361672	2435219.82597616	182165.998333583	54436.2665022051	126587.126032542	24347.2638120153	45712.3622561277	20261.4885913966	19562.3447278115	73265.7249668081	25385.3193302365	15543.7553819832	20040.4817934772	8259.0137370672	11164.62117307	9749.34153335702	9766.48098650396	11076.6405526191	4347.91189513365	1864.37457100953	305.211705610752	0	47.8492436405509	64324	320736
94	40727.8568788966	9310.49611341032	13802.3859457274	12666.7889148697	32646.3087422962	32881.3739297468	55220.9882376496	144897.520115959	147120.898750259	2493121.0221561	174446.729915412	58717.3624236531	127715.488413656	24000.9370841149	40560.9485832171	19511.6274502355	18991.8494170396	73550.8479281397	27902.1034338356	17822.7081547796	19008.1912424186	7386.04419558928	12182.7454182104	8476.44467029092	8413.32162237359	10898.2143141748	3550.16522026018	1517.30221550397	499.681108466003	0	47.9560871331151	64895	324025
95	47772.1381820862	7592.65720388757	13852.6147658106	12589.8859915289	29650.0526829124	29423.5255950847	51221.7624236224	132857.257437	126422.783415596	2596030.90962769	167708.838682244	61163.0257557022	124545.00358979	25720.5942310144	45849.149675424	21889.1879696194	20001.2861062575	76217.043718285	24391.7072696466	17822.6259267238	18825.2037249158	8058.01053776645	11840.3148435966	9808.50607324594	8022.03692178595	10058.0140254435	5275.24831989225	1495.88056014934	303.131822343146	0	54.1383090447358	64715	322548
96	42941.1300566159	9043.30561289338	12640.3579778974	10574.2937433381	33360.9494705696	28688.9136699802	53043.7702777944	139520.592406611	131153.230872039	2525221.6572897	139759.12301151	60438.2939561415	123551.925140871	24223.3844601753	45816.6908001893	21592.3526030644	20791.9619179305	67035.0299354517	24350.5707061363	17116.0481512573	18508.4721514923	7242.81077955449	13005.3511681964	9123.75653474904	8137.74245947347	9597.89982016519	4602.07760242544	1522.70425401441	408.654491229285	0	55.4270757444458	64452	318895
97	44159.1933047281	8514.4894132367	15319.1455175718	13017.8610376161	32338.7865644348	31118.6779595832	55454.9459916391	121165.79316077	150826.42482088	2465904.83880813	164331.040059627	63833.21071386	129499.518271284	25928.2550787943	49142.4459991435	21686.7103024562	21024.2529984872	72042.9570314802	25724.7275540329	18532.285222447	19691.0759290915	8947.61461029416	12931.860168608	9396.95057195599	8081.32535821937	11441.4313018875	5519.50546159704	1584.51818222925	354.668479914827	0	50.3980115115027	65211	324448
98	45527.7097087323	9487.50892223396	12686.4090685017	13630.4580541701	32947.524928504	31019.5397838468	54555.0283953299	167966.206331618	131803.881582687	2516224.09939717	161994.990481618	58806.5689104498	121251.766230205	23533.4504805497	43253.1874819942	21111.5544000855	20995.2836070399	63875.7462483099	23577.8550477849	16753.9473795532	20054.6720549343	7925.69151114807	10351.2301201529	9684.72780492327	8732.52294777689	9063.86250275424	4806.49217782314	1532.66703739977	238.105297564717	0	49.3738916874224	64293	315573
99	48302.9281405485	9976.71503234515	15928.3897030796	14643.7656123216	33553.6595699087	35716.1374883356	51505.8378684486	138645.173646741	129776.096565627	2545490.73768012	167395.628443912	56472.8836536774	117468.000469404	21951.9166343444	42880.3254465302	20381.6558741809	20945.9807093045	65751.9011374537	23536.3742548196	17118.3801437979	21320.2147429054	8220.48657037533	12070.149598726	11009.8005338609	7129.82329978479	10688.6599053031	4308.72979202126	1785.31928313032	404.360243138965	0	53.4163549488645	64853	323612
100	42578.616181168	7989.79087693059	13099.4425128381	12782.4356539426	32728.177387351	36369.8962283736	54473.441475612	131751.007980694	138649.304540907	2404400.69084676	161192.30696334	57435.6259090139	137765.103351752	24816.7991270208	48041.2203413906	18969.6884078258	20738.9807945966	75049.4246577404	26842.0678782494	16694.4939796386	21624.8908320103	8217.55184642619	13421.3688115583	10910.1466111365	8651.30795261738	11743.9053552775	3936.83333308135	1661.62106041344	310.81366494449	0	48.8897064001458	64350	324659

Average (AVG) ping-pong signature and standard deviation (DEV) per [nt] 5' overlap (last 3 columns refer to avg. ppZScore, avg. ppSequeces and avg. ppReads incl. standard deviation).
	1	2	3	4	5	6	7	8	9	10	11	12	13	14	15	16	17	18	19	20	21	22	23	24	25	26	27	28	29	30	ppZScore	ppSequences	ppReads
AVG	45274.6403641471	8717.55293198017	14192.9576600736	12591.0338419893	32830.5871251901	33418.4365344502	54167.6105345372	133959.614407736	133418.988375637	2489305.44665048	161156.265735015	58965.1135811589	123991.497531854	25007.9132780744	46427.4330148607	20194.4652578002	20253.5136280383	71212.6647333819	24819.4229931977	17133.2069232117	20294.9700479866	7838.78839130989	12166.4202260563	9748.6592986076	8628.71037137162	9637.77092030815	4313.5745527431	1667.56476058671	353.617884299572	0	52.2130943010635	64361.34	319154.68
DEV	4934.20617719818	761.54911433089	1235.58951293981	934.759188164381	1625.63928743389	3544.93860638131	2330.93801295188	7993.48314782824	12958.6997355376	87232.8326483773	9294.04629410275	3517.77313211631	6022.16078882566	1514.30911068324	2504.75288187567	1185.57550756635	1367.27854334037	4362.75569830888	1540.28449561659	1059.32704433376	1155.4906119318	568.696786613314	997.5883919646	639.096615062766	736.607177713208	1043.1995720441	622.538833734649	188.544069047189	73.625194950995	0	2.75905188275164	389.940180540554	4201.24504136571


# # # # # # # # # # # # # # # # # # # # # # # # # # # # # #

