Ping-pong signatures for 100 pseudo-replicate datasets (1000000 reads each) based on sRNA-ACR-178_preproc.map (6574605 reads)
	1	2	3	4	5	6	7	8	9	10	11	12	13	14	15	16	17	18	19	20	21	22	23	24	25	26	27	28	29	30	ppZScore	ppSequences	ppReads
1	16669.1069495318	29071.9875864159	13894.4850872799	21803.9192235417	30435.5381940331	40291.7528525107	69753.987071557	52098.5424858658	114248.763098362	1991196.42428242	113018.204379173	106552.257028699	83562.7513747599	33183.2616606531	130349.639766169	20482.7860776324	18012.3809651296	38955.7139643905	21260.9898091721	32101.3097277496	38871.1203784146	11692.8909772231	10256.8291926203	10814.9322661642	7736.77975532477	4473.91818851205	3496.1438779266	1411.50210213057	379.131929207873	0	51.6584311868113	55722	331816
2	17877.8546497017	30316.5950769697	12237.5940008629	23840.1317302563	30064.1968285175	45980.0245657206	72294.123489735	46427.4498301086	107837.567421037	1901385.43007856	111309.222708447	96074.2056776438	102414.0494038	31241.1946041167	127213.657122593	24220.7611911284	18723.948175199	40564.3772341334	20724.8025990182	35716.3761699219	35901.6955773121	11998.6267402837	10761.1177034959	11765.4510656574	8557.38245929981	11306.6935546497	3599.9500260876	1102.69894298596	287.540708868212	0	50.5441417993436	55592	329678
3	17532.972647807	27610.3021860681	9738.19671547677	22233.3114208864	35949.2420857783	44722.520494052	64738.3632515395	46677.8967882343	97845.2202060674	1918049.58155247	116409.29782109	102678.5691998	79740.436519838	32961.9358307837	108029.720172616	24803.9859384412	19096.8493736032	32426.1012910192	24458.1933777209	31251.3380464117	40717.212510469	10063.2895100788	10103.6651253445	10523.3823876182	8259.00858131179	4702.02380663459	2836.87355328463	1019.16773149452	389.131041207649	0	55.791985044562	55356	326351
4	16355.8858895398	27729.9913945748	10194.4580494522	16662.4822985473	28303.5405519329	46224.8295153522	66766.187586919	49161.9905321877	97167.536657927	1882895.32581887	122390.022420897	101861.548898584	80718.2023453276	33778.6071436717	92344.8061195903	24947.4584879365	15436.3552108152	42382.4959039533	21493.0576286793	32652.6991898981	39252.8781616725	11212.6014860659	10097.4940645164	11200.442632134	8134.82780443096	23913.6795569853	3589.52600518643	1063.52026892826	600.83895611485	0	54.8953378267465	55455	324193
5	16041.6513184823	25451.491121957	12308.3913316691	28913.2342248352	34567.3426870043	48150.6174794588	67033.6832425249	45026.202859773	97142.0530479766	1932159.90950279	111734.383109716	102560.334187235	90372.7312582765	32293.5166877745	88197.6112600836	21071.2955196385	23790.2158445917	38962.7548354452	22535.5075319589	37630.7309453379	34587.36443123	10537.846711512	9291.14786306613	11084.1329126097	8641.9149639944	5472.74087806693	4082.49146623153	835.158511738926	334.616478080451	0	59.6439734634901	55697	332791
6	16011.9914974593	39927.4085124765	12041.7600544232	19879.4122493902	33892.5809659233	43160.0517960111	66429.4439418902	49202.9400596713	99268.0138776473	1843184.84031254	108082.537331258	97092.390509353	86089.3622346283	31743.150671515	89242.0208776705	25570.8198070808	15788.3816194639	29769.5726095355	22516.706679964	37214.0897180104	42979.7076030613	10416.2440519115	9690.41765153528	14243.4784120339	8404.40734463039	5187.07113519502	3922.10962415159	1046.50896959034	636.580509350151	0	57.6174987870927	56023	334510
7	16702.5354024805	34859.1088504951	11890.9157763954	20658.5667212118	31853.8419572629	43658.1322969581	70867.6787751057	50166.142714066	106249.989152738	1931416.32386188	111630.66809027	102185.714940626	92981.3193883948	34666.1039880156	98446.1831086931	25912.8696939598	21289.7973537669	39340.9326494984	18369.3178384133	37079.9336495721	46321.9360604355	10909.6183128959	8806.4185003047	10684.5121492501	7417.76325566752	4646.91380637912	2962.62378324422	1144.99103022704	351.49337538896	0	56.2435227324979	56300	340615
8	17611.3436594839	28849.1041441305	9808.46856572103	23304.5616695046	27679.7122052979	41223.4985038892	63149.9197312411	47812.2618787381	99343.6176137671	1910672.0363633	107225.457802177	92202.7574764011	86559.4330998159	34497.5915217022	136229.512183661	24387.4598704298	25096.006921566	29010.3431849294	20360.2471840319	35840.7742884574	35361.0041219675	10492.5676199772	9134.21254656798	11834.4357818148	8172.33967723124	23157.6959302178	4045.13125575252	1055.39275895838	537.243640117512	0	52.4882454973043	55720	332234
9	15619.0390423031	24761.0120770164	12089.0332928214	25357.043072047	36386.0397606452	41840.2822417002	65187.4993802953	51007.8079066391	102588.718056729	1990148.23166734	111752.350917112	108830.449342739	85116.6246480021	34335.27333225	92730.4039657836	20852.6100128432	18386.3252356111	33999.2214997661	19827.6355220962	35355.6942047378	34933.8803664569	11103.3668627141	10389.9348784281	10711.2632957599	7767.618319783	5216.50476577721	4415.3888887014	945.127134246717	456.045141295658	0	58.5042718953899	55331	328668
10	16754.8432215692	27441.4219999497	11134.0892253833	21842.9944528986	44756.8349909611	44752.5469231976	62368.966938363	45956.6054343269	108572.418794658	1897850.58374413	104411.513586987	104342.160259391	78871.4755745223	31365.9806363917	120156.906343379	21773.378929817	18867.0372489659	35703.5147275971	19458.2339649748	33701.6051005776	34620.6533886393	10972.8471827978	11566.9666654055	11064.6955426613	8574.46221716884	4902.99753844825	3573.88981967629	955.002254563716	432.19058238787	0	53.3890873046838	55965	328270
11	17321.0824294828	24400.4781003935	10687.8959524048	19743.6376315041	32453.5792980497	41916.5781199933	66635.2944929196	49526.8348249483	98908.4812956466	1934095.92812271	121057.978830636	100200.974810335	84035.497453532	32080.3905516885	126731.99386004	23426.0819791813	25873.4234537675	34456.8470032563	21493.6188890512	32418.5825984973	32933.9665930779	9897.17154533405	9121.2347524014	11184.5243989196	7754.79174173424	5115.42633734887	3295.55994313712	1007.7388410974	415.572779785242	0	52.1249983398898	55856	333595
12	16272.4998174866	34345.4699781522	13058.5411296255	18790.4286311707	31355.9983576813	42124.6225311101	61738.186216421	51330.2021755692	102082.784974376	1898405.37270845	114950.22094199	98576.3304781881	77599.8234727334	35041.5056393155	145087.880708682	22659.1828983323	16640.9579923868	36488.552704896	19997.1764596482	32982.0350111607	37069.87269432	10024.5595097797	9416.84754667804	10734.5268369379	8339.47565048962	5330.59385516012	4090.35933764435	960.985329391464	495.758187745483	0	49.1885314468992	55452	330942
13	16685.8310268859	27160.8876913865	14197.456838718	21523.272892694	34232.0965151876	44033.7387766748	75265.569168312	48843.9030540075	110273.586382357	1936325.40872636	117652.635860424	106386.445369404	88475.6003878464	32455.8888551283	116389.039646792	20809.1445396349	19393.2313636179	30782.570836427	23392.9443309582	34918.0222503422	35780.0354074363	10446.8013246625	8509.27233132366	10809.1582565318	9036.97654009214	6194.68730540054	3837.56048455299	963.293782600528	501.192056106868	0	51.6766891349199	56075	334606
14	18554.5864680179	34370.1092578183	10733.1072770945	25973.0349917762	31220.0682142815	48372.0084780659	65496.6564450307	48106.5875755424	102656.391682765	1917475.79754724	111208.779593616	99284.3709915001	89378.0245039951	31716.6536012644	119349.338990965	24576.3124807319	17031.1740498052	35231.2549291187	21607.9657178994	29480.9002179334	33741.2434268232	9888.19481951947	10259.4290352978	11242.998670454	8341.91673195356	5471.41457091365	3991.67961912975	874.139834723976	507.38722353668	0	53.9331519362274	55860	340761
15	15257.851298603	28586.9676085308	9393.0135929238	20711.9577027196	32586.8571070946	48382.4843694639	68703.0388378515	45759.2298763482	94176.2740215422	1936598.29479569	108373.912272453	101026.843547513	93259.2004464666	31381.3737538724	101764.021308976	20397.9821873094	22023.8143699515	40152.040245918	22985.4759562059	29838.5235855169	43603.9071912311	8992.70174144713	9913.35114290092	9718.65442398395	8571.97073611711	5261.11323434659	3540.57231322578	1131.83804146776	440.836420528432	0	57.3393880852293	55811	330907
16	19264.7064273896	25129.5939565527	10922.7365054099	22662.2110195962	30352.3574194023	42328.8663671389	66540.1461901305	50265.6199536763	111359.604327192	1984885.36614009	109864.466764303	98039.8934961588	80667.4500732245	34435.6396200417	123929.601843417	19855.2958966918	19257.5875335256	39540.2634351809	21720.3602796524	38791.3425763292	38278.3197990433	8675.55083129778	11012.6369471399	12185.1257147961	8904.41048194533	4734.43582589257	3458.35313315623	1110.84718139756	555.619893409039	0	54.7185763970998	55695	335968
17	16678.1671921474	25296.4444267763	10681.3515091799	19173.2537511393	35186.8260197627	45375.6404247236	66935.5035644647	46354.0075410341	96643.8865209146	1922551.68608858	117027.668683988	95634.1667252185	81045.3018556149	33833.1957978796	101050.052831893	20710.1870161779	17750.8176109888	38049.9232234192	18652.0896988105	41066.3618043296	34436.9486781612	10962.3359033382	9822.55892079022	10593.7042612209	8096.53295807233	5917.65175419748	3657.28236958409	836.262716979719	547.639022542857	0	57.1621175397834	55749	326840
18	16766.3800608749	24755.0534894564	10247.8789378318	20028.8919594193	32123.5046503026	47998.9966628332	60770.1311330698	47976.5230118506	100273.153139474	1951873.34347906	107003.204255475	95623.83142289	90701.3815705845	34339.6168577106	106062.674850119	24037.8984738365	18229.9779507358	42060.7436423	21478.9180541769	33063.2351479159	39336.1267858591	10990.8241102259	9853.77652835755	12685.8801671717	8999.97514041448	5479.48766127607	4042.05137683913	1192.46126631902	459.254259123144	0	58.0691982966896	56794	338369
19	16358.3386587264	27127.8846578812	11001.0562580388	18291.8862307681	31368.5999208697	41644.0061650726	67228.7274670409	45670.9462525611	118933.148519207	1934251.12013897	125099.125085451	103392.45932152	81054.0596516779	32463.5963503038	115709.237240852	24974.6740190131	20846.6978165284	35452.8164643327	22456.5624226606	33863.2853060011	43562.7023368561	8941.87394926025	9838.47017751361	10833.0889591827	8103.88806636632	10561.6301377012	4330.99636499624	1182.6793148795	456.155864988829	0	50.4929471247712	56316	336781
20	17333.5350861506	29819.0285698489	13876.8797707634	19506.694320363	32603.666912187	42753.8160147994	64330.9832464681	49861.2196121478	106395.15461773	1964473.79427081	112755.322731448	101748.611438958	88814.3843122672	33898.3758544532	148320.527943341	22295.3039326625	21038.280385069	40181.3752709032	20419.68263532	37742.1370724681	37373.5452068777	10843.8168756028	9188.34842465992	10488.8333553655	7746.80027644421	3962.87275098562	3407.80350181222	1019.56918483915	503.483010756439	0	49.7305676769319	55300	325223
21	16691.4185090268	33506.3756606495	9952.58107735858	22575.0551146423	32250.7692062147	38690.0109722506	71135.2275111029	46440.3866953972	90210.4659794427	1887944.88436003	111781.346505694	105297.59716758	87320.1486098197	34099.683280195	98186.9673577799	20103.2633168601	15472.7019650662	35312.0133883288	20257.9402330355	30958.0405721692	37705.473527404	10489.617115002	9797.97831468626	10099.1851668249	7927.96721275525	5177.03189325996	4245.58604105306	1115.10340276024	258.805732635528	0	55.8640544716012	55740	336572
22	21346.4226097248	28621.8206985734	11097.824434087	20079.3939962091	32873.8598690982	43927.5299190446	66070.4406559261	50366.8374909897	94088.5245688694	1926809.73788912	109789.185086589	96305.7153683717	81882.7676646793	31176.3582733772	101665.459645967	23425.0646958913	15744.2969973709	35096.8608726507	22458.7127258076	36378.4723880381	36938.7990615564	9436.86826973517	10335.0089517685	13465.1598246802	8912.89794097739	5651.14353505409	3808.91893701455	1193.51520037972	370.077988213903	0	59.4210284106263	55883	329462
23	18457.1646687603	29597.007054231	9990.90156934246	21254.3738454234	36204.812774775	45951.6634763079	61543.5776848326	49308.9491624214	106760.654586401	1920757.8555269	110938.180021797	98228.5759159258	85855.7744944708	34778.2696693214	122089.370827691	20991.4868583261	18254.0268787619	32932.1120143187	20852.7200555812	30539.9976222476	36588.353293743	10734.5477970274	9075.18110557658	11149.0623111685	8003.53936072545	4356.20558152303	3446.52371584359	1349.10819975209	375.04583006844	0	53.1621487060096	55681	333546
24	16087.6630515295	29946.8562346439	12935.5702220646	27702.2617551784	33191.1033391683	48143.7614268199	69114.8247331909	50984.9324493687	106110.290512366	1930576.65949162	118278.0618807	103854.546946925	81299.4432666179	31810.9261381885	99755.8412142283	23825.4864911594	19206.8675667911	34785.3309868758	21502.5026106115	35982.6967206508	36478.7970121497	10835.5606579541	9021.62615757032	11027.4667721449	8823.63656720272	4519.16499257113	3311.77659601046	1292.81938926029	467.949548328264	0	55.9673580067447	56413	333764
25	16486.0168162327	37989.7990265844	10588.0397706518	19708.9296288833	30651.7922873493	45310.0533843976	71211.5346447441	46296.0627832843	114167.069716334	1941864.91855481	113884.157444055	99483.7480709105	79755.4362880562	32628.027528082	105082.652556012	23897.047443848	18604.7160010074	36510.4950129128	20793.4103679274	32942.2402736907	35393.896909956	9506.03309463169	9894.5402713744	10645.0707495923	8024.16413031512	5480.35516114748	4825.03920986178	1045.90365106312	407.717936087804	0	55.018668580156	55848	331538
26	13806.5990375552	22999.4058258394	10865.3488114624	19588.5006653509	32150.2574791993	45834.2851309016	69795.7678211961	49443.6457590507	118251.109055194	1951735.54445473	120506.239133977	100263.39012421	94257.1698656066	32162.9475985634	120643.261614692	22707.1144518947	23448.3486314904	38321.8671889716	23393.4747910376	36119.7083605907	36266.9939743844	10925.4978923171	10676.0750103462	9802.34554416467	9003.65221377646	5172.63305711001	3834.67959076225	824.760081332081	413.150633111787	0	50.3589282110182	55942	331813
27	18040.7239861503	28670.533680079	9859.41504911069	26456.3250363082	37533.9509079119	47139.3608254536	66882.8966664335	43558.9707914031	95942.435816122	1947435.21097159	110703.354472864	101162.827292023	87421.1217863924	31340.8148796579	111639.252733146	20537.9839274269	22666.0013952378	43047.37308171	21818.1497864608	37038.017185922	47155.9268520884	11476.6527728546	9604.79040437557	9897.17977657669	9092.19035862864	4910.67284078868	3410.01200585096	1164.36113698985	617.444665663112	0	57.4506478973812	55232	326349
28	17825.9598781598	23805.3991948264	9645.69727643995	19251.3732843013	34857.9995933818	43238.2139900857	61937.7641092515	48179.7321901236	89940.3651523879	1816605.52851059	100983.685289786	91652.3851649633	91311.0925832504	32082.7068853178	102739.812606045	22744.4804992668	18053.1689476758	36845.0485539835	21349.4378855004	37852.8572678435	42156.357346995	11113.4070451755	9017.7257425211	11373.9469841441	7899.82274547897	4992.37372499219	3935.76018518732	1349.37524506811	293.823310295864	0	57.0794028638906	55905	341940
29	14829.647221967	29395.5014773816	12264.6708924779	22304.6378685463	34423.2318869439	41740.3133973314	69435.746986852	45097.3217018177	105297.72100694	2001814.052813	117050.988250565	104672.666188139	92720.8936015424	32491.6527199676	88214.9241868114	22937.5946686007	20167.2218855555	35049.7812983263	19800.2713492928	37780.0170488767	44150.0844895577	10290.9999254208	9211.64260954578	11975.7181506594	8177.29432570089	4597.46245531999	3366.25604279514	1077.19129055474	429.911456532345	0	57.8864938837488	55505	332578
30	14671.1169402014	28799.4186143654	12252.5701686927	23370.8055974125	32671.3504805828	47641.3295369378	66532.0992435707	54228.4442256316	103174.092769371	1923638.31558213	120640.726701344	88812.2697971603	88013.1647894412	31237.9888095259	97554.2667506843	21845.7458725624	17157.1469131385	34511.3753057096	20333.2931542224	34852.1822020675	41154.5080751226	12405.3447359502	10380.8606102794	10708.6232019116	8596.07957354237	4287.2130331331	3369.16161449556	1196.11244169767	449.291800440946	0	56.3431865846951	55517	327537
31	16213.7846353681	31775.5337325	11289.2296129166	20042.3239331399	37069.0500223992	42165.1840470954	63316.7528566131	48779.9571422452	97443.1745230875	1907913.57851802	111110.14947736	103301.831175717	84506.5868450625	33184.0477868445	92890.5235681435	21480.5207742334	18539.2663018082	34094.0335183469	19337.9709361945	33221.0005540751	48747.8731744585	9544.06879856092	9843.10840749537	11708.686673471	7906.69540691368	10145.025761109	3816.70023311303	908.575017469253	269.605149309125	0	57.8275362389689	55694	331244
32	17586.6211090398	25441.6214226341	10397.3415731121	16791.2120646117	34099.5546651328	45524.1667300747	70443.8151068953	52871.5105938451	98614.0896666003	1948974.97946602	121695.345067246	104107.635918448	85629.6260407897	30213.0709182409	96239.3982081678	21823.4616689268	26181.4385481202	37602.5947797867	21625.354727808	38103.9335192209	37357.1202198693	9526.88074200319	9737.32893756855	10552.6729497531	9224.34035502342	5365.08515541807	3568.16197678321	1063.16258816154	521.891179066853	0	56.1643717719915	55751	330624
33	17017.2457609054	28642.5740266031	11624.3295231016	22114.1249060145	34082.4871188691	42536.9433436194	70716.7428593425	51879.9162732895	104979.007981631	1861390.55573706	119433.619636757	100877.172607867	85911.2361493911	34225.3654994627	79580.9455797481	19259.0736567583	19868.2400833816	32898.7500408532	19807.6043117986	34933.3879632353	36092.1928445503	9974.85265234264	10206.6244182608	11477.0998433782	9903.88856616595	4449.45303802094	2843.39220681115	1083.31830282397	370.530758880399	0	54.9823700859576	56431	342668
34	14004.1288374182	25940.943074807	8872.63950285315	17597.2821471057	28641.3077507574	47500.7973087363	65928.280598957	54542.2656799881	107081.17504574	1789049.23790039	112662.996895543	97868.0160888613	87475.3522122555	32733.7273874459	99060.5448992302	22772.4297748057	22470.7682947597	35852.2127071266	20482.0061530805	36196.6266104598	37244.7021667593	9314.2579211358	9605.48834053095	11115.2783248041	8534.81223932991	11689.0295610085	3124.57265368612	1333.48953199535	478.993815709599	0	51.4877755553462	55519	332088
35	15611.9166390094	28434.3437937326	12056.8317107949	21710.3440254374	32371.4444416934	45193.3031696302	64561.7447346942	52995.7729901837	92909.7973962977	1872275.69592727	118312.902303592	99661.1084739254	74339.9302614681	35889.1490227109	114669.12543669	20877.2510108545	19787.3885093337	29841.1341206879	24086.7751723431	36476.142574164	37535.1819977859	10411.3972435799	10974.2302710469	12205.5245425898	7953.40851958003	3943.61588432815	3745.24936734473	971.914311975407	469.906036131751	0	54.3058105053532	55538	332135
36	15413.9029748206	31106.4716457401	9935.02679727705	18375.7166861852	32659.8653535631	44267.5704104858	62081.1447498112	46431.4705743714	110827.687701101	1952826.82246212	114687.404974428	107775.430770498	79215.6804503757	34635.4711490974	111882.217633084	22201.5767752614	24236.0682894193	35331.2247316824	19288.7022513053	35628.7029233328	37025.5160374074	10297.5488558053	9314.82405981062	10092.819369828	7753.08050993939	4555.9340779424	3756.59261296831	1262.91806705825	382.726236168148	0	53.9913626130265	55928	334156
37	19300.5567544152	29684.4030763929	12923.2928476087	25831.0783137646	32658.6589867826	44353.033330574	65787.7833992513	48674.3772787799	93974.1233946431	1963173.71526044	114081.584547577	97374.6499918594	85911.1447608547	33518.203861622	103067.907293188	23656.1321258499	23099.6047389597	40216.6175404052	18688.4683291305	34355.8898331315	41648.9252087975	11592.1495488157	9208.27267252477	10862.0312151657	8718.05682916324	5059.18356046542	3601.25931800771	1373.89430195338	292.28042440219	0	60.036114532849	55723	335721
38	14908.3722969783	29404.5823316448	10670.2182034764	19139.5995874407	37336.2562742342	45841.8510284272	65994.220365807	49212.7689066955	103847.87431505	1891954.97919104	114334.661201789	100449.105203347	82662.064874924	31620.6640336579	94531.2114887646	20201.6627089466	18968.0112757979	38345.0850401483	20425.6301362442	35453.1404738055	41910.8461980459	11045.6632685599	10610.1777275848	10806.3531705505	9022.12146524222	4801.17848657487	3342.75693732871	990.966265981713	429.382157504005	0	55.941336138153	55837	330950
39	16217.0815365249	37641.0679522397	13587.3236551666	18725.8368597274	32655.7747795435	45525.572750722	61802.5570626651	46893.7747295849	97012.6147584678	1933805.41193542	117064.715732906	99646.9795898426	86810.638615624	34146.7617008694	88674.884253791	21209.774967602	20470.7079600576	40910.182875822	21431.4511963623	35894.6514159832	37147.6135347914	10054.7675954076	9009.03999935669	11736.7436783822	8380.17610428078	4223.95448579594	3077.39005723477	1272.91587417315	636.010605292476	0	59.3890491652673	55921	334550
40	16651.2332354377	26491.7600154021	9798.20047184301	22621.1413393745	35037.0968053741	44339.8873748863	64493.1926888749	50698.239928912	100085.597408675	1869917.93380659	109628.561577906	101344.614500574	87517.5611107228	34958.4825731071	89041.8086986321	22024.6073785505	17650.2551320931	30298.2421882028	21425.1693640964	36487.6942983041	39558.0208712764	10296.2686991885	9476.32325527468	9672.74136348806	7436.12240897278	5465.64975464158	3764.61031030695	1120.76947493421	359.214284289295	0	56.8181174765759	55386	326180
41	19603.4089554205	27713.2046139562	9795.52464223966	18128.7542815434	30317.2302545914	46797.9551340624	63213.2128407226	50072.1323151532	105091.627440465	1855696.011626	111820.226245592	100144.311748177	95542.3429201326	34709.5646241874	91383.8002570834	22120.8174408057	18309.9613749853	32710.5145676604	21206.0336244028	35254.3842999951	41097.3806847689	9814.66304589143	9391.00174819187	10306.5003557028	8172.30466479921	4679.71481662582	4139.74017104722	731.021544109729	242.11942908865	0	54.1716757654409	55508	331036
42	14402.0575761896	22774.5128683168	12712.9608140115	20810.4533458061	37363.2490377302	47630.8500016176	68617.5677985743	44338.7223686027	106050.162887758	1907716.62309575	112585.5007288	101289.854280181	86060.1626631517	36046.9065363368	95126.8729017375	21270.000033887	25256.9730953178	36155.458375485	21836.8741701511	34159.2546889883	37261.6111099873	9553.70353296023	9000.11341962426	10667.6168680476	9604.26265701793	5535.66054598741	4073.91024928366	999.108421374535	370.237264161439	0	56.3083703087823	55819	330809
43	15659.3747600492	27785.6694261851	10030.1476493268	17945.6966544973	32675.7014840954	44589.0759126782	69836.0475297213	51663.9076883382	105279.791532937	1863126.28731867	119309.962558689	106085.849269309	93661.5861974893	31301.8532467403	96026.3238397438	23517.8876946523	16390.9249558307	32368.7607092686	19028.0927771607	36137.6576044819	38484.0363319258	10024.474602844	10863.4654940474	11685.6201560227	8708.16889357839	18010.8019081862	4168.65484715544	1080.68322191828	432.514051860492	0	51.3420550657833	55517	330418
44	17100.3305299705	29074.7170370107	10537.2848292369	22399.4395027523	29945.2923204959	49954.9437242202	67693.6241227246	47065.7349752658	107071.616873599	1907237.12208635	111263.547697782	96608.2004943391	88608.3884340641	33066.8629920809	116296.452995534	19290.9723848118	17950.6299018447	38921.1815750001	18967.0978332719	32189.5288582641	42181.712381218	11082.9692601615	10308.8497431051	10962.7919450178	8243.26779502911	11109.5332330521	2923.3857535153	1132.40718852486	457.118582500602	0	53.0398364462212	56409	346289
45	17168.6499410066	30292.0943079532	12202.6130473809	21384.4941905246	35065.9975065961	46878.8617169644	67077.2007241597	47245.8382205827	97909.2100670256	1917907.15215598	117422.724077602	108512.850362996	88664.4570605799	34855.7876805161	107873.928730627	24003.1320115169	16706.1192393653	33353.788122623	20314.5684081874	39741.8119314492	35101.5749746861	10908.716624087	9115.37669666405	10381.4704631884	7512.32185303157	4770.07418893685	3715.39586677292	1094.52082573639	491.239009421572	0	54.1134396091957	56170	337816
46	17072.5530740841	31823.2622333447	11805.1866917759	20385.8773576202	37747.6218593801	39847.1293359987	67767.8097651988	49082.8906676706	98372.7226532346	1878166.79538465	106771.987854879	98668.5129180131	88523.2601913116	35344.7040715311	89982.9987988081	21535.4163187582	26158.5948992341	36664.6500007274	21987.93924033	35523.5966827375	45337.2905837265	10751.2155234706	9003.66330290845	11443.6714471339	8811.91439961724	4619.78966044728	3914.26168572427	953.763803003456	446.620948946786	0	59.2763187761387	55768	332672
47	16692.939373813	25377.0674951059	9692.83799610022	24131.8886536234	35094.256972051	39032.0281830591	72742.9972390341	44526.3984382292	91768.1745885579	1898818.50417811	112307.153577104	100864.465883976	85952.565297481	31389.1269794281	101572.073939511	23221.3004480305	19513.1464978791	37051.9208804899	20131.0461969006	30529.3244918699	37413.3232710273	11818.8284488482	10147.8536999652	10807.8812695151	9547.75682867047	11071.724687354	3065.92068485264	1168.79424816606	464.184630939071	0	56.3930174796394	55821	332703
48	14797.867268114	30426.8652226394	11458.253129462	21842.0865663568	34101.4721843655	46253.085391616	64709.5616918018	47342.5149578267	96941.2504441614	1892998.10348931	116618.073240922	103829.966506765	85330.7662693953	33875.275231364	89283.7024143318	21793.6930626261	18379.3815493458	32781.5884598646	23760.8381348294	34872.584340342	36042.0735435684	10390.3023928318	8361.74192035697	11369.8511023098	9567.16616567764	5858.43080305829	3755.21130277351	1132.80813331829	454.560490054686	0	56.8881947990475	55930	331870
49	13768.0802703251	27979.7898490833	9974.26943044968	18862.9791664895	31883.3788161919	42063.5943886014	68953.0484807255	49401.5107063475	108164.82936477	1910685.76329453	118023.686818132	109136.83557742	81818.5791219626	30657.1062695398	108618.840235286	24344.9263095698	16153.3783715433	40010.3617627206	20485.9774122981	33675.5969742422	42863.198555526	10567.3555919949	9481.37634440557	11215.2339669842	7707.57312309416	11421.2023049839	4432.39798499988	919.966456849554	261.848755630468	0	51.8204995897578	56037	330508
50	13424.8724708114	28789.0458604335	10122.5411231655	22611.1730326535	30584.0712313148	41896.918150357	65512.196326044	50432.1525920006	94590.0603593103	1908441.52580347	104203.085561315	100695.079447376	86786.9014866217	34492.2803317305	101045.989374111	19943.5623197392	17033.638500568	33203.0370294966	20517.8580044663	35649.7668371596	38654.2041165391	9632.48643208772	11384.3702116454	11824.0611848542	7903.59810233833	4851.19971014966	3900.37277331546	989.233759098043	352.521500673336	0	57.6662185496029	55708	335960
51	15628.3394066218	21936.3267094778	11434.479001616	21821.4691222626	33033.4924450461	44799.4245483245	65063.5569984215	49302.5449611728	112917.957427713	1953163.08308116	116124.122434102	94527.276275014	87643.9443485936	29796.6080880756	110204.3997692	20405.433443532	18018.6163268787	32876.6681643019	21614.9900380631	36580.7600071447	35003.3000960599	9908.66814616887	10201.1604972686	10957.1235586014	7790.23782340167	5013.6556617151	4122.03674526767	915.515417921548	437.593332344304	0	53.8596140680441	55567	333906
52	14958.4848471823	30417.5252835127	14386.6196347282	23759.2528519092	29452.7453674365	43151.0829564263	65911.4066346489	48212.9349375805	102031.362883508	1909998.95200801	114450.21974752	103521.798883532	81590.5630526376	34193.297127707	112573.151676788	18672.3829710432	18630.0566242423	38533.801350405	22182.1312513765	32911.9583825492	35798.3648011311	9766.01918159678	9036.91505768416	9900.74023037183	9478.85664589679	4498.63334319948	3955.32912296361	925.714003444382	322.787832026784	0	54.2376565713375	55062	329297
53	15473.8481694617	33856.1340726957	11420.5007827754	17471.0362775162	32024.9700791992	48137.7423746624	68495.3005964582	45255.7323572615	101959.79167801	1892202.39988452	116196.32121985	95635.8909062904	94689.7658958557	33254.3021372795	101715.943090604	21716.9090058951	19742.5462736809	28911.0680962324	20066.882766335	39226.9363109157	40818.7989222609	8903.58778865129	9040.46432972661	11704.7844791613	7259.87606750433	5112.07195723246	2981.5253038482	1436.13216419608	699.839620453761	0	54.1725881351128	55526	330732
54	17362.5710595199	23826.1680286584	10615.0582196676	18635.1707604063	32884.4301285054	45776.5015268139	68709.9072269326	49675.239299007	103152.404795078	1920294.06351706	106895.712912837	92590.4629876665	95127.5981666812	32998.5025359843	138914.667705051	21134.3837983415	22443.8605734574	38070.5976332701	21896.5399570676	34447.5833156216	49120.0269861382	11148.3030316349	10438.7400917811	10677.4846265502	8600.47863676394	5306.47002789879	4131.64763901519	1119.0589717934	658.473862494111	0	50.7316103376456	56314	336015
55	17344.1733899911	31905.1790672259	10701.0423288492	23081.0108942249	31922.0620219203	43937.8995669828	66866.2943810356	48107.4619089312	101834.495544207	1943583.0674368	110339.278350141	102645.673339577	82344.3023442356	32822.1120257393	106794.630399113	23322.1831505709	17339.6439041774	38010.9918017876	22151.1806219302	32209.1065849286	40734.0766584413	9546.2750890107	8663.70645537384	10706.5147746841	8445.96433162899	4859.4648265366	4902.89372522478	1115.95689423828	416.037272212763	0	56.9775372374705	55734	342394
56	12980.9446704528	33695.7699819335	9906.10074222965	19041.5266054141	30287.5415383993	46230.9733478584	66699.4266091647	47807.7467963841	106654.845837035	1904205.11831891	111917.36954236	104730.773297162	74851.0745389757	34931.104990349	87975.887674726	21504.5196537767	16365.1769371211	33534.0219737853	21478.6083721398	34613.3650582176	35468.5886457536	11203.2873970777	10117.3469279082	9347.40751170184	7626.47408144016	4422.88450106334	4596.11811843396	1053.30072481025	571.541197693777	0	56.6219117227523	55800	328145
57	19684.7298041591	33481.0277240312	10520.1974036778	21899.5238638167	33062.5056470417	46821.2148881965	66191.514528676	41150.8456822924	102683.907652158	1891960.86772838	106194.837723905	105296.349341211	81067.0868562618	32297.839716783	104293.428547591	21405.2831112212	17480.7623898029	35861.4223300338	22450.2612815533	32269.3383985371	41747.0126290109	11189.228527283	8992.43302913297	10161.6182363066	7741.34677128588	4947.33680553053	3793.83092411006	1164.22889303442	381.642554534077	0	56.0605656944117	56010	331557
58	16451.1710903073	29399.4707439374	10706.1546114554	20236.6433632106	29637.4770531032	44041.3683283139	69286.2303529567	49573.8324889179	92330.6747505939	1896428.53871622	110382.354257041	97225.8333947405	82004.8259311699	32700.5033985924	91335.5375179072	18551.477437296	19029.7834571618	40518.3611689798	20354.0742441482	30190.5778053118	45199.0431354229	12058.6749905764	9411.48223570199	10416.3270766306	8171.90236673767	4864.03012213169	3813.82636511793	1135.81552456063	446.388067381664	0	58.9325804284635	55915	332225
59	18834.5565249439	29073.5410672648	10700.8490137871	20206.620003623	34505.8721503788	42751.7878144271	64184.7586107132	52466.8348891988	107376.919848534	1904891.25601254	105794.013305267	98732.9604228928	85882.3601677612	35414.3554027386	117703.641175041	20954.9833958871	20749.5381337145	33695.840095438	19436.943455139	34845.5171276129	32783.7238958009	10792.6449836579	8659.15124931497	11176.0836595989	7978.42970808424	4167.36340204432	3125.78281217134	1435.01452049308	570.437672366764	0	54.0974424626187	55647	336424
60	16232.7471062628	32047.7333167537	9212.54104089355	20689.7650334777	32515.465687167	45161.3629774454	65284.761140362	45751.5277144895	98717.3126826091	1870493.00260767	114891.67340621	100970.210063041	81267.358748574	32524.1737560781	85072.6101800109	26239.0926593577	18585.9306292895	34277.9135953929	21737.3076869969	34020.5541298291	35953.5833392064	10291.027720093	10420.4348104248	10376.2199444685	7786.013914364	5674.52764857538	3904.8753634123	968.347565140848	432.310263411909	0	57.5506632733289	55691	331654
61	15374.5306347491	23632.9522813446	11892.8995088892	18410.36566445	33507.9080785182	51673.266255955	65721.9701284574	52227.8830888545	103910.152875582	1914417.03662111	113195.970261383	96957.943371694	87788.8428966003	32661.7738515334	102270.597965098	18726.3976500573	21327.0591880012	35950.3175035885	20495.5370259027	30530.9992110825	43027.6419873587	10715.8806684988	9952.14256961513	11988.2121357053	8969.61382718561	5373.96711309996	4551.66658705339	1108.46002115493	481.924067927099	0	55.222555323339	56202	338144
62	17596.7670624475	26951.997883146	12143.9700023384	24201.7058551598	34933.5598507556	42384.3073343334	67080.6430083986	45744.5003546698	89055.0841625064	1791202.8288755	102511.43680783	94044.2714166849	89221.0132678261	33695.5806889751	111930.964823367	22448.1871969479	19801.9847839739	32550.3468440369	20790.3000701038	36563.1766725606	38003.7207416887	11051.3299372782	10060.399132693	10510.7302264671	7304.65232931748	6602.09153969708	4936.80383279913	1000.42560165612	309.562045529146	0	54.9472674291933	55768	334808
63	15121.1719890305	27609.32695802	10820.0957816814	23489.3560086039	31873.9787388471	45151.5211343168	67066.3956555878	50959.6464092585	113130.521174818	1911218.41264886	114924.457846048	94582.5165909536	81896.4156148003	34085.0593500929	117958.914456909	22513.4124848209	18240.2927273109	37127.5362712905	20413.1066321324	36141.6581854307	53262.8599165511	10144.6714474283	9748.46842858641	9928.97128286256	8640.20783705746	5445.44441638071	3734.85144799327	1117.45508473536	444.007165364657	0	52.7174323774371	56171	335550
64	15872.0199511998	33364.5502241969	11229.1707735526	18706.4412722512	31075.4317107341	46300.6554548624	65621.2913304197	48002.6256132992	93603.1524414613	1936925.24522891	121639.168870955	98417.2854183963	85833.3299594485	34443.0644044869	95802.01250729	23051.3184514548	18336.6364087565	36013.6255110311	21010.6531190029	35355.2195800916	37561.2599336264	10424.280374933	8774.57465086259	11170.0952096107	7819.96112305478	4990.95131707103	4496.16180649345	967.108732608684	494.346469776005	0	57.45672467763	56058	332888
65	18021.1882619519	34760.1708504825	15602.2115144664	23448.2267126654	29940.1999948417	45325.9232616042	68938.4700629791	45038.9720264799	91706.2917636064	1965141.69841778	114225.342412161	106620.802609417	85661.3966997246	33692.738905656	117027.408073973	23626.3911907977	21856.0936989005	33671.6136945132	19727.2923558153	37621.3457519711	40626.4497183871	10374.7788938034	9220.78477878739	10862.3218537412	8546.51126188735	4848.42982451519	4536.16618647493	973.890069978439	472.60205894262	0	56.434923692696	55475	332478
66	19744.8746288694	36076.2143331686	12629.7776729478	22129.3148532047	34842.3236100431	45343.9398947423	65457.8008208592	48496.1664847948	110569.692785488	1907264.90503325	114653.602599662	101975.931891507	91171.5936192522	33249.372565357	88150.3770870161	22709.4097698603	17855.0602854009	39017.7607964536	19508.8336487009	40980.910265785	37743.3566034022	9880.31940906848	10921.2132099502	10485.2841106307	8816.42922272107	5428.05445108523	3702.59678660389	1289.18715183294	298.363792805551	0	56.3062921689695	55969	343305
67	15469.6573260573	27591.7015936324	12179.2066755447	17907.9842194212	33069.9620056536	43610.429041634	70308.9723044445	53038.1165646422	86496.332034348	1924000.60434816	114486.659001403	99471.6218862689	83653.0961293792	32320.169067953	89516.3160619141	24542.2231862638	21507.3942414399	49862.4800585942	22670.6946336554	36911.2243106867	37771.6543648186	10892.1220885499	10479.4809299783	10232.8462822787	8874.56351495303	5215.24041528689	3928.27406154108	1220.43937055612	355.188779336712	0	60.5520567698964	55946	337273
68	17075.1238459877	33542.3973581249	13520.4196460119	21336.4851166343	35527.2034859882	42510.0312131871	67803.2145487324	48278.7269999096	106652.921761292	1920386.8401121	117069.001930839	99871.7641653167	92752.5670031919	33998.1511448724	118957.078425376	19825.1302147008	17715.431103086	36156.5865096171	22936.6911723985	33750.0363305542	39003.8579430392	9968.40173343295	10232.2658132614	10164.2098160454	7864.66305498324	6152.34885875382	3243.99598594476	911.087947935285	446.879806600964	0	52.3408807515154	56110	334033
69	17683.2104909891	39690.6616437029	11162.1615295708	24700.4133082446	34140.5280669775	47161.2220067164	71500.5836050395	45670.7396866474	109318.820032449	1932931.56812754	113510.87063058	116384.456968108	80703.4783523452	32134.4830720271	109735.20496509	20646.0631202083	18756.395495636	39954.8688312765	20022.5950034717	35558.3200472553	39283.9149577674	11094.9848583176	10423.6642891437	11507.914919999	8844.09834839909	4505.92647431876	3271.55831999038	1087.02154495762	301.646953424148	0	53.1472280629705	55660	329676
70	16271.476296763	33479.9129769155	14939.9915076352	25698.7928280838	29943.5751115308	37864.9204941858	65347.8174841398	46098.765793208	96571.9598966317	1952280.17687382	109477.297722624	100502.659771337	83384.5156669922	32623.8491183287	109200.9335527	24792.6988975117	21793.682744497	41319.644102529	19131.302298469	34311.0717688829	29304.5663521611	11127.2074771877	10235.7360093742	9423.11785925677	7748.75289829148	4974.16943470707	3731.47585307059	980.928936426306	375.622378351261	0	58.7742864202191	56072	330112
71	15758.6618865493	26811.8549459189	10041.3699411495	21747.1773511113	28538.0238253276	41280.49685931	67824.3021804301	44757.3473119943	99141.9588538174	1859484.34203898	110671.613289077	102111.315700381	86387.5131899881	32289.7950640535	85168.6058519768	19874.8251404669	17896.2671445644	36177.6811011421	20744.5109142645	34800.9982767854	33947.7258490691	10866.2923596471	10494.9153972266	10592.7593115128	8640.58032789315	4975.0364918597	3460.25185477176	887.386633139221	318.047935258745	0	56.1766615424088	55561	328604
72	15538.9357685926	31223.6447234979	11560.5363306187	18254.4250110392	34865.5481320555	42111.7748181512	66900.0500882632	48905.1087229581	99570.7879223259	1929304.54005679	114790.766908873	103723.607557859	82676.3921725641	33305.2134377643	120871.548458234	20660.8581526383	16840.3679862106	37713.4446452591	21371.4253464117	34619.9913879992	38520.5993169926	9836.70869063684	10172.6208606271	12085.0937456244	8692.42545408835	4655.93425232657	3566.48446723641	1207.88826319657	425.099785551054	0	53.225061020964	56619	338216
73	15855.6678938297	25878.0905117499	10156.6900928532	18662.2259854547	36835.2767122196	41462.1025674554	66598.2923544039	44875.3703119865	116691.114901597	1887527.71353472	105145.20189409	97645.8661685985	81785.8808733818	31822.4843508264	110422.525054985	21925.1659023474	26135.523934587	38326.0525881575	18998.456273483	37802.198644367	38391.9280375812	10619.4992011924	9000.28210722507	9706.44265263065	8145.94044940297	11557.2652622176	4059.23664820095	1143.92263215481	266.246059344192	0	53.7383725095681	55593	334182
74	16781.3909312206	27372.0112461507	12526.4452528151	21845.3084397731	37862.5378998547	41205.4612901633	69850.419920744	51076.50433141	100379.874729512	1987477.33610324	122941.65058846	97854.9321754491	84469.604205333	32970.1798716561	89126.36440031	22690.3790480769	21201.3000489936	38667.7893031298	22690.3772149268	32891.9669906974	38671.1963205766	10592.793553055	10278.5300960364	12245.4810341486	8371.12635028547	4699.76008853441	3097.29926241137	1101.35974753725	205.74662435318	0	59.2386571944586	56509	335263
75	17259.5844173764	33101.6219078841	9998.37145135363	16679.6435474384	33699.9615724264	47313.9040995775	65550.9202430326	51357.8850255567	104689.632057066	1911860.35019929	115167.219269339	98984.3069980832	82327.4416318641	34637.2371244179	124177.746642722	19579.6020883531	18912.4037875355	35288.2941981628	21315.6067725096	36707.8431556278	43001.3045650548	10410.3236002395	9105.72497667817	11599.9055692551	7262.66450072569	10882.5667078088	3736.68552620463	1027.92164480812	405.172197333483	0	52.2549496404186	55319	325205
76	16530.8907715482	27410.5643580887	9717.5571003245	20682.6279514053	28058.6918961647	45010.4534178729	67541.6384523328	50753.4362153228	105983.296557209	1898738.69536681	108403.132217323	98093.1375235415	83178.734752133	31631.8866683123	127690.672841218	19927.0727333773	20395.7224444323	39593.192502467	20313.8292550816	29289.2340375796	40214.423827506	9791.18371924349	9720.18702345678	10562.3673977294	7674.83807474575	4359.79197027206	4001.76516047856	1053.70284578922	302.569198351096	0	51.5268962746538	55958	329625
77	17753.180645697	31596.7248787247	11288.7147739022	25493.780441052	34307.4197212073	48755.2842797151	67692.4769942588	49325.8690664872	102988.89490548	1923511.6680359	119934.76962744	106200.337865189	83301.3175760834	36015.9490406336	115546.390423053	21413.1550681031	19035.9995643815	33533.28510402	20406.6334343586	36681.6410042021	36304.5274378537	10654.6806867832	10991.142055951	12577.5578690903	9150.761795752	5173.99282701669	3638.14389896494	1102.83210563636	391.947105960143	0	53.1734648655228	56048	334138
78	17209.123054886	26174.9614249014	10290.0720226857	18560.4385084883	37306.8888329827	41087.6078973727	64609.3612149154	49565.1360038283	107326.04338466	1927199.54720916	122413.704395023	104886.434087886	90686.9978746457	35179.1961782036	99087.2268877864	24938.6829831521	19060.2696439414	39104.7805233029	19123.3401601622	37041.0100812936	32792.0388700513	11311.9118913492	9322.37732985401	10935.6624496431	7527.90606347248	4875.78695962798	3743.51249713497	1074.52330296313	553.779881548148	0	53.5791235091526	56568	335409
79	17856.9051739983	29994.1838143503	9812.07513515927	19877.8938212886	41333.7084586566	44102.0482038143	66713.765872962	50257.2284524654	101623.216558034	2019193.61960649	112558.141114226	109568.781982916	84472.8455597761	32106.4135114623	117169.383665343	22068.4909419501	27962.0016947821	45403.346644611	22197.7908794963	40231.3224226501	36208.4974799126	10710.4974537983	9846.27784564676	10914.4552508176	8096.51635078038	5185.14038319094	3403.71793633246	973.465459104333	377.177985804691	0	57.1038608142289	55855	339288
80	17816.4017962336	28566.6897277644	10617.7175221077	23590.8194510775	26818.9850612971	42395.2605289553	63986.6935051545	46001.5504520186	110718.568431704	1897334.67111639	113209.639000939	92809.5716309279	84351.1337888155	34723.3829276105	109653.537541816	21129.2780437907	21358.3877808513	36268.5524993917	21158.310940086	35938.1548346294	40132.7647740401	10954.3972298698	9109.8585027296	10947.2490255361	7582.85628707616	3972.97449022731	3933.29904261529	1091.72056189163	346.164319962589	0	54.4202672929697	55071	325413
81	15394.7773473132	31035.5444363829	11292.9808189865	18977.2059379357	40133.9228194818	43441.6174734943	66417.8910665777	55490.8780676597	105811.433503697	1974647.6545831	115972.306828738	92922.5916869664	83014.0503389776	33768.405192782	103105.369847122	21220.2581295746	18567.1102193026	35588.7276549388	20695.5693261979	30974.6822559293	39510.1604213811	10826.6617445259	9317.89382884629	10631.291412656	8012.18452798488	5018.9280837301	3616.92007771782	972.647275319342	330.304519048208	0	57.6500954034068	56392	336752
82	16407.116579017	26544.8993718756	9137.85879648203	21008.3536276689	32868.6025195332	45373.5114786469	68305.1552455018	43823.6892508402	103150.618229194	1954130.2924845	118486.907142101	98123.8260276955	91422.2574352004	31479.7916278689	98754.8082204589	24644.4544841141	24492.3492551337	31748.5399005587	21497.8993329394	37705.3277629277	38963.4752629235	9543.60905304375	9253.1059649835	10851.2043090987	8534.03198513985	11289.484949441	3969.74508994849	905.937295752341	371.555416012178	0	56.3084850350676	55199	323134
83	18896.5468553843	26879.3771012961	9735.85104417917	22484.7509326965	35637.6444087701	43585.5389087491	70311.127043377	47783.8367532234	106374.645916574	1857519.70288874	106704.362898709	98152.9190820779	86727.6723050172	32414.7888444913	120392.268826707	27374.8260863604	26264.3678099947	32300.7069391129	19798.6891111423	43783.358996637	39266.0955028128	10582.9169598006	11017.1879424737	11373.5933357694	8470.47491207165	17416.4474971039	3284.65624174222	1032.02881869318	457.4270933808	0	52.868910875125	56016	337684
84	16552.65989608	31650.1689011357	12836.7971229243	18357.9940936311	38772.1805247205	45789.0639984221	70654.0630083234	46890.3663142706	102371.914444951	1909382.05872252	115422.008494942	103423.70911632	87980.8959015065	32135.7810683412	126928.690014556	21613.7105750645	15538.6578083928	33904.9485389096	21193.0937251532	45386.4612284164	39773.8491122506	11405.4601773987	10691.9324301613	10911.8577880831	7872.55137596214	4688.90373329041	3814.32544462741	1108.68394421416	454.195665820927	0	51.200874845043	56154	334834
85	18839.7133203843	31160.2622851313	11785.0880393712	23123.0691824277	35858.0031023858	43528.5016966742	71874.5477230246	50337.2938975155	103710.123429668	1896998.66073383	112069.075275452	98658.2335913307	87756.7108933553	36012.4962986624	100924.75216001	24106.4330401254	16754.4234996135	33249.9996400889	23285.0153338273	34676.0944321211	40768.6010806017	10574.7623129928	10046.3173241621	10593.7808573008	8805.51534578621	11622.8420114467	4476.80598549381	1153.88574322603	556.366178451687	0	56.1485286330272	55318	333197
86	15205.4492217689	26799.9299467643	13521.8211896145	23468.8481873043	35996.5469735121	48365.3041965656	63400.0260789782	49558.1028997451	108500.929894386	1956915.34967558	119905.907965692	97064.4317999934	79575.9543023777	35394.9674037363	89717.1379646698	22438.2147637721	26826.1653957742	38307.4024616404	19303.8726709506	36672.5519427137	34997.8457119304	9699.83983828579	8747.83947681138	10867.4250858809	8389.65938083311	4542.86506612675	3809.78656048726	1096.76370574593	510.376296923443	0	58.915118943814	56198	338194
87	16718.1152864288	27720.9316192252	10258.1785812331	17629.6481706445	31643.4323363844	50224.2879024363	62889.8530674635	53608.2450998102	93764.6348119042	1922418.29302213	115166.271437319	98503.0096082072	98661.7118339864	33860.8328341002	129925.335710198	21850.6252638734	25590.1898942223	37471.5624991037	22325.5534890396	32852.4033280998	39078.1001707492	9268.07024245448	10013.9079912957	12565.8984280326	8028.82595833918	4421.94778840267	4420.29098452815	1160.87305552036	635.808681173401	0	51.7464886202587	55490	330833
88	16511.8364145732	30322.1213765949	12468.4150197109	19621.7112067855	28532.3537319781	46030.4151526481	65162.7450886488	49083.0480515172	98607.8086674795	1914987.44297754	111523.472049988	98219.5534153094	94450.1471533011	31814.3483866563	88905.6926217907	22796.5470890474	18185.9094667067	38882.2672672801	20977.3403748527	32418.5680633668	36532.4363792698	10129.9209579975	8665.13510221071	10921.4652517381	8264.1478995887	5689.38668517393	3511.0623528152	913.969307119363	462.75117356035	0	57.7648098018714	55104	327518
89	17302.9871880378	26048.6990092451	10250.522267883	21840.9299717415	40645.0881557303	50864.7226776264	68270.6761667426	46580.5967946068	98797.9615022858	1917053.84167195	113105.262114176	93247.1159965431	90629.6493764147	35803.0970675179	99330.6686945273	21942.0357905488	17725.7568530975	34709.0569712676	19519.1555877976	34051.3803616749	39374.4820629501	9929.80171715218	9287.59718514494	10996.6406459477	8702.45090899263	5720.93870594844	3097.91062922895	1097.78954170146	374.598047103328	0	57.2607866203397	56053	334273
90	16350.5845130351	24874.8933738521	10986.0978828751	16937.7671132611	35346.7759004568	44311.9044745312	64667.3908182184	49754.4911914663	99225.5785444889	1929957.80016108	115091.07431569	101040.673649183	87769.8232774951	31223.1418907522	85271.7806292046	22069.2293414513	19310.5955504289	40407.2683717564	23462.515196721	35903.4955088474	35716.378948687	10767.0330497958	9865.6968336574	11036.6668052189	8681.33758403358	4159.45210708379	3404.03674560808	1489.3184420501	509.952668548574	0	58.2626400846093	56213	335379
91	16278.8688131849	28233.2193546519	12722.3001059838	22203.3969259197	39706.512967849	42837.9874798	68355.8845632618	50779.8095490817	101891.619003739	1915373.83741882	115316.59877842	106877.898082875	84986.8771883183	32141.9313275749	130729.808669221	21132.9985694464	23463.338051605	40869.3293611238	20091.190608013	37580.0027735005	45946.8485327818	11650.9828388195	9492.12473953006	11134.8049558068	8330.23174389359	4505.55991555691	4405.90312013086	927.020373114415	408.816091511954	0	51.2761117549072	56372	333876
92	19892.2021139013	33951.6834669484	15831.2410285829	22514.5863421511	38143.5294693881	45189.1542186123	70684.0555805194	49758.2411273927	113349.805031416	1885026.73110435	119258.360813742	96216.746753174	93444.7393590187	32416.4751234839	144028.876683167	21190.8602916934	22172.6150618357	34796.3471593198	22180.2174093487	36151.4747219565	41701.1836707298	10089.0294515502	10523.5461933852	10298.4431299365	7103.49837721842	4351.05240372108	2594.78281491533	1184.56024681125	541.95874780036	0	47.5907579030644	55762	330870
93	15721.2891653316	24261.6921933177	11888.1820949757	23899.949911318	33003.7149477276	48279.4210475608	70078.8905350385	46213.455487082	113368.904966988	1945666.05304465	119683.333215754	103645.663919815	79696.2679181437	31363.2382249855	104022.228769201	21293.9975508131	23224.5075922622	35471.8443781529	21049.413514228	34877.9960834898	35632.6288569734	11472.7186870978	9936.13171531221	10873.1183055048	8609.4786631418	5079.94967568313	3816.33650317607	1008.88554082588	384.008462898869	0	54.0122297791996	55938	332030
94	15588.7474569748	32528.9037293008	11052.3931251684	24136.1163173686	32556.3681175859	41371.4423252338	57597.5205828863	51044.3984219045	111273.536874316	1919798.36909113	115936.459660691	98425.919442609	83049.9815130232	32964.6291515003	112650.881173644	26878.1516632978	20236.8726445516	40461.1923661699	21251.7310063156	32690.99104988	35922.128504263	11301.0205032588	10203.0035707412	11336.872283803	8013.97010408814	4440.71971597778	4168.13950384958	1061.72743755203	433.769982701578	0	54.3197714671224	56182	335287
95	18837.3959144938	20450.94899402	11569.5443580011	21722.3452880485	30337.7882202942	40024.9726675624	70350.9654930694	50088.469767249	88648.3126555354	1877281.77985694	123139.602123655	102473.323679674	87419.9206777736	33050.8738179228	104010.855415399	27532.545456944	20651.6019359063	35362.207871838	22007.963036793	38906.4751616705	45730.9931267351	10727.1413044262	10429.7880861482	11174.0922481403	8122.41238162513	5230.11108260323	3297.10964219002	1424.01729566389	638.650824134408	0	54.0640187458294	55955	335346
96	17466.1144366305	26697.9299910681	11518.845539763	19520.4519552344	37836.6204232652	45386.7770431272	62704.7175832807	46619.2441247311	105084.109070625	1950967.25344081	106616.435136952	98635.429264736	89464.6788489256	35868.6320904979	106515.685427794	23704.5577949236	16737.436801518	33813.2901708318	20994.504943746	38927.0752197489	34247.9452304087	10935.7791810758	11118.1931620817	11297.8855177192	7505.9024176912	5136.76047208623	3761.05286544533	1030.04365058451	384.404202780821	0	57.2824599650414	55276	326399
97	15217.5785905978	32269.7340905093	10605.3196688177	18194.1560898554	33411.0981628993	42915.0697655983	63500.0997377951	48591.9254205455	95426.8231028177	1888989.43427971	123547.050399522	101004.65951182	83922.093756425	33198.3292515011	107386.361185723	23941.002670277	19497.3278101698	32019.43231093	20141.5227729772	35671.7409381971	34203.0905862409	10438.5799668198	9538.51742299839	11990.7785428227	7337.25825141154	4191.43866562287	3873.79497084135	1197.72560727676	629.878684864129	0	53.5465404422947	55487	330839
98	16957.2682537454	27333.8551978429	10350.2677817349	18466.8691114475	31830.8305571611	45074.5908829771	64352.7786287583	49292.3780405517	104778.840992427	1874325.3149603	111770.070358009	106150.735031736	84157.6715821978	32967.3278980438	118550.64179661	22269.4568150826	16205.399782985	31803.3409714363	20722.075991032	34370.0907277982	35482.372161271	10682.5064408594	9699.92145526471	11394.4557401272	6543.0896138083	4159.56985084774	4213.00570831949	1066.37696575342	267.626454661387	0	51.1200320069889	55875	334637
99	18225.2459795574	32776.4658469379	10083.1945736687	19839.4367189426	28733.669795741	44778.1885449944	74259.5725102884	48478.9167954766	100929.987952067	1892900.53412508	104964.841610019	96862.3563544992	83755.9620551127	30978.7015065786	88943.7750705315	21685.9688135061	19328.8852520582	34845.9719295509	18580.7404672432	35091.3453735523	35542.422468061	9631.00258144979	9922.76300169389	12088.9695388558	8886.58289981381	5269.56147585475	3497.36952423357	1229.67883855061	317.920082020014	0	58.6194467592479	55473	332413
100	16481.6238170071	28588.1234491185	10002.196853548	26480.4015661214	33576.7314599453	42386.0941741393	66227.7893677066	47535.53806315	99908.5242461103	1914155.09872839	115363.220400483	96189.5595192161	91148.0700725199	33666.4297309442	115850.57533243	20130.7469392589	18600.8904379842	33162.9966957175	21556.9750035102	30279.3455109523	39397.9640370709	11030.4387592634	8540.37398787107	11358.3567824111	8930.45358639919	4489.52287222712	4371.35565703365	1324.67582085812	347.284488787661	0	53.7189746848203	55693	329272

Average (AVG) ping-pong signature and standard deviation (DEV) per [nt] 5' overlap (last 3 columns refer to avg. ppZScore, avg. ppSequeces and avg. ppReads incl. standard deviation).
	1	2	3	4	5	6	7	8	9	10	11	12	13	14	15	16	17	18	19	20	21	22	23	24	25	26	27	28	29	30	ppZScore	ppSequences	ppReads
AVG	16689.1636352346	29215.4048151223	11287.0607530326	21173.3751937441	33479.5100981105	44573.6282256446	66860.1745791398	48643.3925971354	102486.877841444	1915442.71957831	113740.089580578	100446.936381933	86134.3108016282	33174.2963889873	106937.500918198	22281.4096806548	19882.2084625718	36297.0333128814	21016.3610364726	35216.5276465079	38765.4751900377	10497.9808805071	9784.76247953535	11030.0421292784	8292.34231356044	6259.46804824929	3759.66201380434	1090.27787820072	430.812353405806	0	55.0498426424581	55820.98	332973.4
DEV	1481.12564003583	3755.896858152	1427.2970717739	2600.30128614139	3184.78817412593	2687.60564052866	3051.61344292576	2620.72250462954	6815.95173389282	39135.1199752289	5035.35888368091	4503.24053175818	4942.13642040665	1444.91247981134	14865.1176622356	1905.89206475353	2939.11215997984	3558.59442641118	1307.89365307723	2873.82210999036	3951.18943490056	731.474087343665	706.162144917125	801.977310141935	608.429242516572	3598.52146919719	470.618595440964	147.358526300092	103.584794301021	0	2.76904543653185	355.282140840206	4353.09233074604


# # # # # # # # # # # # # # # # # # # # # # # # # # # # # #

