Ping-pong signatures for 100 pseudo-replicate datasets (1000000 reads each) based on sRNA-ACR-140_preproc.map (7898972 reads)
	1	2	3	4	5	6	7	8	9	10	11	12	13	14	15	16	17	18	19	20	21	22	23	24	25	26	27	28	29	30	ppZScore	ppSequences	ppReads
1	7344.19900759328	9554.62794889149	10068.2137019766	13929.1721471451	28111.7816134261	19184.0534223279	37880.5573657569	69070.3708793474	111577.50196225	1774209.68973882	119955.257444674	149348.605462194	35739.0662499566	28869.0068374168	29946.6779194349	12772.8549777938	19499.5611150387	13005.3465437595	20964.2882138154	11841.1464918489	8921.39763550138	8632.18183619604	8575.02297713423	6018.69212865567	5655.34771087239	6163.22755153894	2503.19880793506	1612.77237115959	449.728596640694	0	42.4391930773633	53904	260929
2	6953.98524990333	8195.54286648235	10368.6374179578	14722.5046739099	24741.4469310812	21379.2751806204	35938.2176672078	65793.6777852503	121412.093817456	1734396.82766259	115905.041458892	136666.350966767	32257.1123704011	28630.3969381085	28897.312239673	14222.7640884218	20431.0586738769	12948.2934067446	24835.9494499787	12814.955816334	8501.98455129903	7272.20712930143	9423.76602700271	5500.27303022404	7275.84030274431	6116.68074481507	2933.45240362956	1827.0941432882	772.463694317882	0	42.9236184204574	53527	258632
3	8010.8512148919	8761.0529757406	10636.865518486	15410.104006279	24339.6058813997	19919.3043889557	38316.3203524756	52700.1865912985	110531.234045117	1661379.63299767	105274.179503022	130208.863024277	34344.2145003734	26864.0691891325	35667.0603406743	13876.6785536727	19397.4852748473	12855.251577181	29337.5184262903	12978.6242562744	10424.9914251125	8101.51329880555	7941.47605494722	4941.66147447121	7515.97545527719	7896.84072428765	3145.92252393554	1705.95982614089	679.108209906319	0	45.2929254773114	54222	265228
4	7756.0567412197	6841.14175521144	11063.8152660013	14155.7154231063	26511.5981975104	19432.2110287054	34446.9453514187	54023.1581326157	98329.8041694467	1680997.77648587	107127.99968772	135941.94384271	32588.7475646541	28235.706556666	29563.5043296981	13437.075398889	19127.5914491279	12356.0520226719	25846.646276236	12315.9636396528	10543.7346435246	7136.03747241461	9029.26759332536	6309.7854912076	8022.7595969602	6883.50890871308	3473.85337114534	1590.86520607404	669.555092362743	0	45.802295250942	54045	263782
5	8700.5832433407	9990.59744869708	11735.3955777745	14747.9609979703	29988.8714348667	20184.0827136278	38650.5066996122	68321.4726331761	93412.9166036898	1741898.95706128	118126.713781058	127893.383310213	37354.728800066	27204.3430776445	27048.2361737011	14077.0512217035	21783.038722631	13799.9185452184	23832.5734818496	11567.6192905623	10223.0313251468	8720.39215661597	8568.40836356183	5922.20108695852	6542.14281496973	7345.35821136361	2888.16360756435	1457.28476003188	595.651362097537	0	47.647220463601	54080	260509
6	7698.50804742937	9763.61070889731	10450.4546684253	12971.7062234609	29020.6275357917	21005.5177941264	38411.4723573413	67326.1552206093	135268.646909559	1755688.11030097	116682.383732994	137335.146257136	35696.1654611593	29327.4924752441	31029.1416079216	14205.1667511208	20961.529284363	12588.059929803	23841.9867805606	12908.3481854411	9314.985689401	8871.75562247863	9507.60803852785	5237.92032073977	9412.59676990372	6207.89059460511	4643.24261695277	1250.88548806588	710.942052153038	0	41.66307980041	53912	255115
7	7769.97708151681	8957.13752605436	10501.1894183052	12521.0494494395	27220.5708829933	19328.1535177738	35126.5309116405	55086.1051184731	100737.079372672	1788025.76644439	119677.377879112	131009.560833989	36307.9050352357	28635.3814748137	28026.1253997646	14093.2078582312	19691.7070094301	12317.6050145111	24439.4361392638	13414.1855323382	8394.2576992781	7705.8712287597	8003.21735948273	4716.23401684734	6482.3020528398	8043.12707854589	3070.8619184124	1673.35643372055	381.311361632773	0	47.594061786516	53993	260986
8	7272.44115721295	8917.7405885748	10824.3388434751	13726.0528152728	27107.7974316411	22450.9042698541	35545.5198920999	61778.6074271492	109509.043004116	1773925.31381912	123452.544465266	111296.626750059	35243.0664183137	25987.8384093049	30276.7177606876	13563.0644385892	20916.2431211489	12948.0430490259	28152.3554119001	10953.8683862995	9515.1179621246	8156.48981586164	9605.38921720708	6966.53148413471	7381.66699683609	5703.08251859164	2268.95160606239	1740.61625643838	477.814463246953	0	48.4720371806695	53420	259185
9	8713.05796390458	10208.7978468679	10237.5445569317	16034.1661100974	26795.4122216399	21392.9789471386	39649.8203879451	62574.3772169709	122870.116058722	1578974.52754768	109929.024607611	141009.376475609	34975.0934172067	26750.4449570605	29873.3666432723	12975.8331413438	20072.336461934	13532.0433513885	22738.5086035086	12467.0390932347	9354.92944180911	6875.11071469241	11185.3753178716	6910.47278870618	6965.02899684333	6558.5177151331	2941.85579945804	1556.08337229958	755.568586896619	0	39.0870808865478	53667	258290
10	6490.47097130086	7664.5863036786	10298.2000381083	14847.5130593686	26698.0690461453	22029.3353584737	35801.9323458294	63994.2298497224	105452.849532252	1629588.91184397	114601.235475631	123924.346828586	35264.9739219012	30034.0171423675	28130.8009575369	14263.461026472	23176.8891885814	13865.7481527268	26460.9023330251	10893.2406562468	10623.5752015628	8087.1514636124	9987.60117476793	6341.22257227321	7284.32745532793	6016.41350864856	4062.11188425557	1496.59445612309	547.550593572427	0	44.3535388906742	53508	258256
11	7332.33729833661	8295.02444595018	10959.6602384644	14652.2513519702	27839.9167799667	19812.6591413287	37819.0476955745	58941.2435864491	93652.1461643097	1746487.17058068	113715.723094182	136782.613636187	33671.8487953902	27484.3860200643	32878.3832499025	12983.8961509113	20472.5011696776	12402.5895187969	20839.5155634641	12037.52858746	8686.78556419738	8119.67935949078	10293.7145738983	6162.06045527259	6159.19040628457	5648.81295250074	2418.12062095595	1533.13003579469	762.475541584215	0	46.8919449861969	53661	259486
12	8396.70356613958	7924.54747624085	11797.3231718732	14762.0608051752	25043.3008854205	20741.462970005	36848.3733500677	53066.4325321732	103843.584925729	1540351.3626459	102211.429888156	126962.206694076	34746.8153669326	28635.7592268646	32147.1814242737	13529.1271701649	21688.3490952902	12517.686226916	22854.494690277	11405.4650589248	8613.07815163311	8980.35795712323	9490.5680664693	6445.04357464308	8016.43583054789	6219.25602051134	3258.79389961494	1428.01870781109	510.95072059764	0	43.6100062813274	53845	259954
13	7096.69263548661	7701.70904536969	10225.1965464605	14083.5119899883	25088.0061611201	19081.0468389145	36407.5962255805	57215.2192834362	96415.791132948	1681189.63892381	108246.598617524	128035.671546686	33368.3918584315	27192.9909208617	28740.4140551183	13815.8659216382	19742.4967982657	12730.4681977816	24624.1802375523	12616.8135923655	8374.95379265779	7887.11247799671	11946.0196138722	7936.33105502683	9296.21035291559	5589.68484659185	5703.72551863123	1509.66589096459	985.799076941584	0	47.1979684084658	53331	259697
14	6257.72212224538	8812.00892435293	9780.47436400503	14359.9628225581	26714.4371855893	17946.8202497307	36096.5728565336	53572.8004216245	112605.025841849	1692877.34788892	125249.53279424	144075.126863022	33369.3675055879	30267.0091447933	32401.0024263174	13899.531563971	20921.2000282676	14086.5885828638	22851.4834669201	12116.893896083	10007.6642614077	8156.24826910395	8494.87396727906	5706.85830556421	8380.58472352144	6332.77088150612	3277.73421731388	1533.97944431361	547.02687744531	0	41.0398978067003	54257	257223
15	7484.46762194399	9895.30097777506	10319.8632657432	13983.4275140238	27156.6737309093	20062.1722365881	37493.0721299632	63230.3123959871	109128.16407396	1772173.48845505	118958.93723967	126376.905285765	33256.1698561495	26533.3912915398	31147.7117481916	13086.2797662016	17191.7985939674	10952.3312105884	20283.4813440055	10985.5342481646	9270.02155247876	7869.72501652685	10688.2522363767	5929.96041621283	6819.41041676754	6414.90457382266	2758.08682414656	1549.4080187953	552.854976693233	0	46.382839919647	53901	262947
16	8162.0468238829	7948.18494098157	10775.5889590266	14549.9431813118	25651.4851164892	19365.0598067175	36584.0617061876	56578.1056590609	92978.1399756317	1650097.73635843	113816.18013937	130593.839956231	32374.8950093214	29968.9263187061	31687.6476195215	16411.8528670651	18015.2934547776	14108.4152868752	29523.4273454708	13641.9265849553	8548.54196691383	7506.25266925256	10084.294781738	5814.02401286368	8480.01727655655	8128.15302183292	5415.74925346943	1578.27238054069	553.112287108705	0	45.8740230680905	53879	257703
17	7940.81001979251	10632.4723727291	10946.0587575211	13609.4335053574	25475.2900307712	19862.4271058831	38614.7907745294	61505.8901945269	98703.2718431528	1797400.22689009	113782.507942773	128772.79803308	35610.6617329577	31609.1045393894	31447.7231453554	12717.4616921043	21356.160826607	12851.0181657094	24145.2682682852	12209.5050179841	9055.06943220809	6951.83992206038	9200.3631777731	6091.87281829657	8101.62538973782	6474.90851668203	3397.14285187679	1583.94389198884	762.717154831163	0	49.338568440402	53896	259803
18	7401.67935871657	9983.89957736344	12041.8803894781	14919.2159911095	25335.089400596	21640.018675846	38856.9654132851	57706.2213653247	100721.40071014	1708994.88365559	114103.095000397	138064.127791799	33861.1021842828	27612.0472720631	34540.9597249876	14649.6558958005	21176.4527779642	12873.3849562736	26346.2777256179	13341.5360001386	8960.80088762374	8582.28353546255	8735.54440656603	6442.16087154193	6399.9231387679	6345.23656337646	3212.63671969137	1677.54462800461	904.752138869025	0	45.3213711530196	54001	257306
19	7040.38183975278	8729.92514019547	10946.4091739333	15583.7683758554	25777.6210890552	19530.5544134725	37179.1000816547	56911.0289575311	83646.1064552773	1646393.50103067	106805.718338794	134403.55353676	32711.3005934745	28192.1922540575	28510.5339971789	14390.7378533099	21196.847529913	14950.7533534472	23407.763291826	13594.1027152634	9472.87410178938	9519.83799047094	12069.4284061266	6210.76722718207	9847.94830011812	5676.31790708297	4929.1258505539	1687.8522247519	574.45958014293	0	46.9800327409943	53773	256469
20	9147.24773358983	10227.7293321855	10377.4471272527	15399.9502493048	28171.0370662945	19241.496617475	34760.7196027025	50225.3909548592	103214.985058127	1608063.93442791	105439.007083313	138326.937359374	33832.7815054357	28280.3899005591	26785.6233756552	12629.2939929563	18173.8543549642	13454.1708333394	24719.8630403668	11443.5440959719	9067.21139369241	7487.84160536088	8442.58753462113	4782.56737415779	5605.65884449504	5098.13867871925	2299.00296709285	1403.0546199486	744.818103738933	0	43.264637750335	53610	259373
21	7935.20206512213	8503.46095799711	10460.142247627	12746.2588030717	29248.6442556784	18216.6058247807	37279.4002900416	58639.1106382021	102593.710644716	1783267.39310619	120390.462723712	132130.555792766	32739.436125517	25941.7006965757	27380.3728480375	13095.3267017282	20640.4425942612	13361.8760047222	22310.4527111084	12051.8366751838	9707.37559950704	8119.81017723713	8293.73218472029	5514.35999090483	8931.23021140919	5926.23201722074	4001.73362707129	1353.87174992527	481.431965555964	0	46.662295894029	53746	256170
22	6667.98895529864	8307.54240067656	10461.5665514794	12511.3563138257	28972.7417599965	18249.9974582758	34265.4322369361	60043.7777546132	120991.803513619	1662846.47657585	123299.274305312	137916.829925409	35662.0387520637	25663.6609624565	27724.7162414202	15093.3628455785	20551.5967412216	14214.5894623957	26557.908571768	12967.8923143587	10999.5495375726	7314.86239239464	11065.9260180957	6289.05710616852	6186.90516433837	5579.9645492022	2281.70309062161	1747.63331261115	588.954035522359	0	40.3405888089569	53513	259394
23	7239.58053580304	6880.22024199507	10707.9738190347	14325.5516769789	26024.4767987645	17705.333763607	38737.8654270949	60281.9051442751	94356.0458219104	1775514.66764349	117573.101905033	125045.862598964	33080.8560213952	26422.00873475	26812.3982462824	14450.2165143286	18038.6490869013	14466.3593728216	25271.5396524701	11186.3465171427	8548.00168523008	8022.33243647856	9426.89569017492	5431.69438746801	6810.7435000846	7171.0282886919	3639.38564476525	1791.5799721361	443.386619972136	0	48.9680359636134	53741	255250
24	7449.08099774067	9337.28921641058	11827.8355900062	15842.8503735744	26291.933135562	21232.4032761012	36441.8831714751	57223.3528655956	112793.15380143	1694311.04985389	115175.856210623	109264.890895672	35039.458176334	30502.7075212752	25450.5131971703	13346.0063307401	18927.6395506787	13867.8735855479	26335.7840035429	15002.1002565408	8474.90801526162	6455.83156996155	10504.8735422756	6207.11598470478	6010.90734891345	7444.76737888235	2997.46417293274	1255.28046985672	695.809206823182	0	47.8777658255147	53952	263606
25	8500.85583554936	8215.11465507817	11436.1762550244	14939.9343681503	25102.352804559	19845.3019346665	38785.9637426216	54760.4680285466	129157.249089081	1746010.49938675	123550.683988367	125546.926904119	32071.9843507349	28691.0383203667	28466.0817266924	13103.7247643166	19369.5249288879	13568.8871223157	24796.7271141204	11487.5804230994	9849.47030195255	5957.23346612298	10109.1388166202	5344.70006810691	6455.44424565817	6775.9943309012	2572.64604340905	1329.58657236838	473.565828746023	0	43.1776144957882	52864	253478
26	8633.28421953321	9081.91229902626	10316.4054991127	14425.0997523622	26244.1006578284	21965.0602589766	36836.911140329	52374.6397705195	112784.035086409	1721864.44869584	112812.863786223	139369.484008319	32721.8026929318	30583.9639991385	32415.1719624262	13160.5503194925	19527.9375820318	13235.0231389262	25334.1138721461	14160.532429202	11239.3003688907	8595.94755545142	9076.66363442468	6450.00219980088	7797.19825085816	6192.06936640361	3437.39550591585	1367.56635100191	545.165149906296	0	44.2527164315801	54476	263845
27	8341.74500804445	9250.550028206	11237.5237330529	13271.0138847168	26931.8767569793	18835.1875970552	35719.8491027464	51491.0787388336	88167.3218690665	1717271.20116031	108501.366455944	121325.983555516	34940.7867286259	30462.1790560085	28690.7625937929	16138.9857932557	19228.4783969062	11649.4872644639	21659.0190077696	13301.2689834164	9143.75669649596	7440.63565536164	8940.39047435674	6331.29493756252	6666.60170425443	6558.2419714324	3128.42148551937	1352.78582381517	614.190411358685	0	51.1473639931069	54408	264063
28	7875.65106285678	7832.54695571704	10530.6896393689	14418.6360504225	26144.7283631568	20737.2003232071	34586.7540044606	62630.1161700689	98120.4156915918	1734724.60491711	114588.961458433	140664.871984401	31904.8607948488	28931.9915768096	28020.5163110077	12403.8005918585	19532.0747266839	13210.4841773943	21031.346195039	11442.4617925915	8467.42283881018	6525.63047907928	8584.41395950394	5799.07235502388	7759.47598520038	6727.86285028504	2578.11334467242	1339.38286024907	672.65835702078	0	45.0235886346158	54096	257721
29	7667.75167750702	8273.87804237428	11366.6033430377	15589.9648021542	25586.1938888313	21005.9379828972	35160.6067284471	52231.4220716249	93140.9242037642	1695658.46231408	108902.460447785	131157.54953691	33335.5968041012	30699.8524601047	26542.9759632727	13480.7606034506	19726.7690250359	13846.3554411244	25341.1287218248	12444.2680013424	9461.65326621445	7888.90683156678	9972.91587360287	6185.55840819775	8525.82649780734	6248.0707729614	4116.32939149065	1699.46871136767	687.290833520564	0	47.8211951796381	53693	255140
30	8296.21515083477	10525.5369856625	12046.4826413168	12755.8416425696	27094.1890431339	21335.4511080957	36293.9151108846	59514.6098089414	87704.6071810751	1667950.5558992	113193.286809918	144475.100857315	33804.836305617	27347.1365770483	30305.0470834835	13311.0877802511	19888.4029091779	12378.5963953116	23323.9528000815	13994.0449233904	9527.12105848282	7664.90685805318	8935.7184557952	6004.63686400941	7073.72560603196	7446.20904611809	4060.46715815178	1447.90769775986	775.275165549545	0	44.2213435954299	53765	261540
31	8150.80532934218	8240.34134174931	11818.6907639593	13410.4962568368	26305.0280160594	20255.1740345477	34652.6946773623	62522.4641428545	92232.6930663624	1664455.03065334	112631.355218287	150124.384167271	35706.8799985546	26882.9105092804	28053.4267138157	13976.0912727352	19889.5489283507	13541.5913185154	23521.5300956291	12634.9871446813	9248.90800943242	8266.06657078914	10107.8535157309	7063.47861066598	7587.32206031628	6657.84757481245	3963.27632659586	1365.66592594115	923.505712170019	0	42.5343521834435	53735	257820
32	7220.28022619878	7667.69563030603	11700.285328729	14521.246968661	24991.1994841812	21258.1358366432	39233.5055367591	59428.5107542351	109435.629644365	1791446.12354921	118577.365528426	129837.348336742	35018.8136899688	26909.7270842756	30391.9899641401	15117.8164353919	23059.5089646373	12398.3291363261	24126.3716281159	13651.5325946438	8889.58978249299	7191.69127883875	9268.51002637089	5850.55371042599	6797.98937161631	6810.02990734306	2306.64963346568	1266.55841330236	652.517900342038	0	47.0119628577606	54520	266574
33	7362.35876614886	9063.34664951197	11251.1846101251	14226.1364131472	26926.2794626516	21334.2438726108	39536.8774158695	57654.5320073117	92319.3379624963	1695295.92657693	118380.555175902	134761.242785038	36101.20657818	32413.5587848518	33476.5791379448	12246.5635066179	19504.8293039509	13757.3778668881	23987.731422515	11568.4748570525	9428.52257054799	7826.85296872655	11257.8821004421	7480.29903920569	7753.73998463251	6583.92647012135	2340.05045595052	1288.68793459156	700.776130399972	0	45.55060941442	53765	257681
34	8049.88633538109	8365.71667748543	11889.406916823	16068.66588605	26305.1512132862	19782.3018602952	34285.5469660176	55389.7615384347	88545.6159319186	1665645.0370988	115661.431158087	149628.775018353	32848.5773604984	28658.3509098	27032.6276620169	11895.8708872732	18596.5500893689	13804.4485040014	22495.9635601276	12142.2566273778	9044.98264840524	8411.34552244025	9506.32865903275	6370.95040885785	6635.23738141899	5841.6588693549	3334.86771152357	1531.61437982818	899.197637005227	0	42.7847792230526	53351	260238
35	7590.64847877203	7815.19074739769	10649.028076912	14595.622866447	28744.5584584881	20333.6211108625	38103.5161914333	61314.2919395723	96609.9690453631	1675226.14560874	116494.694461473	124451.698555547	35729.6307869576	30151.3846013677	33654.986154795	14850.0328564632	20106.8285272931	12369.2878067884	25671.3479621546	12420.8892755212	9198.89492620177	8028.83177869892	9961.20607077049	6560.78015852357	7724.59475765497	4785.94330541219	2602.74502032932	1652.7147859914	717.507271357302	0	46.5265675529228	53882	265988
36	7784.22958898796	8593.61797375319	11537.8008060622	14427.9293512014	25275.9906049842	20692.7685957872	35939.9380152224	58173.7686991444	100104.540557817	1668996.55351844	109508.392407197	134509.911663293	36542.1511842406	29246.8465449823	33286.2167485453	15562.2685396079	19763.5457294373	14092.8278134699	21502.5405461723	11746.8490659037	9146.74026958831	8395.39893423945	8371.32327634931	7335.8563698257	7425.43573992397	7178.70494425964	4270.26702332638	1593.1272825937	998.847405486986	0	45.3007529734977	53705	258714
37	8410.19993458282	8341.91759548993	11571.2611259382	15377.1729499944	24801.8108366137	20587.1578787445	38361.114836064	63699.2743737342	111463.884327373	1691409.1432145	109002.127870204	121062.490861127	32705.0563844972	30279.3366403446	25711.4387018961	12914.3705187271	19723.868380558	12469.8976358219	23969.0787596291	11887.9537077124	9013.30166546929	6234.34224952603	9684.90453820132	5569.03062835366	6812.27172157917	7327.89501475671	3158.84541207642	1381.41591912212	556.323060699246	0	46.4025714031448	53935	257879
38	8072.38288464597	8806.36522375616	12028.0702395986	13152.92226954	27110.4535984703	21674.365873391	37757.3036134781	59198.4515515571	104295.280372446	1735876.23791214	116225.115806259	108049.501553047	35080.6917641383	29399.4047875901	35892.0785360478	15467.0377261086	19479.195931613	15131.6658699762	26606.7503081856	12993.4525801476	9285.96786190319	9069.21996439803	10916.4553042782	5916.1277201637	9133.30903949283	5636.97740332594	3553.17133452464	1656.75760208118	491.292271212859	0	50.4995803224258	54036	261380
39	8072.36821267145	9839.09546704576	11551.1144160634	13945.066927125	25306.5418139553	20379.5140758672	38666.8407972063	57378.6426701181	128645.138459909	1851663.68242281	121201.629423766	140366.446402304	36066.5555796857	27713.3106978289	29211.8919237874	14374.6915330177	18647.9264513631	13222.9119051809	23857.9351893173	11741.0200217575	9412.26451366164	8870.58344056308	9424.46821565142	6382.67918830168	9448.79977846903	7745.89978041945	3620.86663630336	1478.51793836258	494.400806883479	0	44.1480790475354	53935	261751
40	7379.25108179029	6800.10202221414	10095.4675146232	12215.1597642731	28038.266576721	21257.5798842675	38256.6293222363	56328.024845601	91813.9834295023	1708504.75225693	115585.459770907	136718.174013703	31944.6469716382	27815.5605690059	29454.1616506832	13751.086025472	19113.5292833283	10917.635654647	21618.2028641822	12408.1073407764	9953.23822158834	8342.60448015761	8749.4534341844	5954.43854754461	8847.09102079079	5746.58575434527	4894.0609989969	1507.23015778938	583.128093643959	0	45.6455673485338	54374	263465
41	7721.48106506478	9224.82743685008	10866.5106322538	14603.5320059852	28171.0769660696	21823.1164077649	37279.2633358414	53051.1441806451	94069.1450370497	1773554.9261846	113956.008800553	118960.099795781	33255.71946934	29251.5949736012	31500.2884599116	15053.5527276906	20487.8388604115	12646.4432513188	27857.6609138507	14024.7694631518	10954.350255493	8857.10084210744	9612.00211065496	6431.4789531303	7761.19690234938	6242.2529276079	2526.677137413	1443.63990909892	535.701364812966	0	51.8376017066774	54074	255348
42	8218.38306945346	8105.75774256208	10601.8644530259	15030.9548849576	26147.9783913665	21764.4849342623	38752.851451327	60562.9139565499	96199.7162699122	1604391.494534	115347.196977833	116740.258085657	32962.9474139542	30947.8440747893	31717.2232532566	13101.7594554274	20642.5211588952	13463.2125935406	21728.5966770191	12951.0822498763	9236.87967663254	8900.10604100046	9620.94719305001	5784.23612177819	7315.74619362025	7154.97255876588	2600.65217452228	1634.92459703265	808.400276240218	0	46.0388235444379	53993	261611
43	7469.56760385425	8614.88441397046	10308.3637423011	15657.0964537776	26031.3375047218	20841.4674413939	38057.1096990778	67073.5227197798	91133.4546309936	1759802.15145336	112490.055912487	129760.139041718	33892.5691669871	30177.9390832911	29298.8961831356	13748.8753990854	20139.1866805692	13607.7658519579	24107.3926723088	13578.5781022918	9487.31969068361	7899.6148727352	11122.7230990401	5002.28209870894	8226.78244459008	6147.85997670971	2816.31110259751	1424.75374557425	461.771630987573	0	48.9113105533368	53475	255849
44	8363.46732821812	8507.09889761538	11447.7725769301	14283.7590269006	29341.9299411923	20623.2087728684	35233.3866826513	56845.466079817	105124.541218423	1714353.31815789	121427.640549975	132049.06997588	36313.5743766551	29751.8150738816	26426.6063141303	13733.8984994021	19187.7182933386	12891.2934816066	26108.2549301276	11530.0534193476	8976.03139456232	7434.34587777544	9368.11466128559	8176.53567932339	7074.59006591183	6469.89914037621	2836.69921926984	1529.19931278347	759.31664608124	0	44.734014686759	53561	255468
45	6490.41707028495	8611.9022245342	11267.5077302325	13667.0046463368	27141.9364065147	21450.9646136493	36681.0714658578	67579.353004396	96784.4241920748	1637400.02222879	110454.207988358	139736.577345767	33724.4223611056	29475.3577113953	26065.2041503959	14556.5569706636	20772.684300555	14359.6944709613	23992.0083697466	13730.0652235095	8691.27787293886	7946.30706736136	10025.3909255474	6549.66458534559	7587.49895632712	6812.78068564475	3432.21554676513	1790.652531529	550.834948492537	0	43.3193561766	53918	261783
46	7701.60022899843	8880.82012346042	11282.8841666076	16277.827845338	28044.0343850138	21270.7746933232	34730.4637983482	57708.681739563	95004.1732612762	1664873.64744647	116698.825682553	131216.033358267	37337.5520210144	29499.589058535	28857.6503751101	13956.5284437918	22056.9998244529	13208.4336331555	24412.6448385009	12378.3886669947	8279.47446937373	8399.62862708414	11624.3713636437	5576.28596313401	7298.93055580415	7105.77811148386	4577.66458447279	1353.21450143703	831.82138907488	0	45.5088332576046	53969	258752
47	8874.72361986687	9643.3441771109	10568.2346814424	15096.449829507	28625.6071458632	21681.0796230087	34261.8504333914	55612.7487843423	89925.6124871893	1662168.31562731	117188.429949069	139337.299826835	31462.8022868891	27764.0052687507	27879.5271892499	15815.5423477227	19336.286748351	15241.7678299903	23781.3214409505	12795.2004204599	7835.80466137015	6833.18939340348	9806.28807975993	6496.33572127029	7580.86247668159	7777.05254694233	4500.05023192247	1354.81111380441	508.750381270916	0	44.5560606686984	53486	257545
48	7577.29533074026	8368.091673068	11336.3065705576	14750.9928218756	30728.4183256908	20193.4245082862	37806.6116857589	59449.7739486834	95706.6987768426	1779067.47281053	117073.211023932	145998.687159366	33081.5845996338	28753.9807072455	34094.9856797732	13324.5667319129	18669.1551021474	11044.1651107561	22673.6164589362	13229.7265499257	9339.76670291887	7621.85756794756	9086.75626412037	4814.03254806029	7393.13063700834	7860.9643260622	2437.79718256426	1723.56659444413	671.170337260249	0	45.5027020184299	54128	260671
49	7806.6419148856	7815.10959879899	11576.2030730308	13665.5950804415	27239.6402039437	21299.9891568547	38525.2632290065	55610.5834430927	85029.7995770374	1668660.37140742	111812.353351923	118881.473481789	33531.0006956888	27146.0387024089	35542.2453086805	14059.3953699461	19300.9221076261	12986.7016843419	23967.4135907486	12125.492826311	7440.52478352412	7615.1846184339	10047.8423523051	6477.46310637275	5931.42453595806	7188.93304030082	2994.20973333697	1756.00523110396	671.015704654348	0	49.7426988016451	53810	260699
50	7369.19983129833	9380.43767652041	10443.3610869294	15348.2551666778	27602.7016189374	20672.7260945807	38032.9789253694	61604.8519408655	90206.6781842782	1631304.5864046	111458.714398461	143046.735767195	32878.6790913001	29959.1832777463	29105.5966017438	12503.7242923742	20944.344639688	13418.0501674513	22818.9502984846	11470.0581192402	8509.00196290179	7750.27643979463	9442.80732084992	5659.83451796344	7668.8897532298	5507.49505940794	3220.56270864482	1275.05938119894	545.668445398266	0	43.2647984536172	53765	257861
51	7463.54104090345	8247.80770141672	10266.5556292546	11176.9455269654	26671.8516064305	19759.7524794618	37229.8565065458	55448.9790178994	101848.223836187	1796689.03634089	119594.142110537	149811.087827172	34370.7480654366	28822.9684702738	37257.0023690654	13782.7553024736	18846.4834042529	13985.9734274185	24661.4213566883	12597.4623374741	9541.6493856987	8401.16185098047	9559.67107609045	6578.72055968763	7719.3313513695	5679.251912775	3380.89403623905	1278.06655558522	628.466647304809	0	44.4286003438683	53691	261592
52	7556.4270647622	9242.91013346922	11399.1212501072	11340.4407469727	22121.6989776908	19716.1903877638	36346.4139899273	60582.2410126742	101720.743847072	1682853.87501236	118648.943261509	126641.910504262	34933.0355521849	28403.9454484831	29634.1234628524	13141.4657288022	19144.474767925	13628.3935705157	27438.0051761034	13962.2326768325	8318.3234738539	7494.72073115521	9412.17135903356	5506.3991195041	6248.34228512322	6093.89951239917	2878.10613922042	1200.73757353693	473.410420619786	0	45.2721848880696	54055	264421
53	7327.36583739531	11615.8775283838	12004.4302054431	14128.3246336194	27124.8629856731	20554.8235238603	39610.4170496628	58084.8408080707	91464.4145408038	1754697.8754951	120191.851294488	132357.266341107	33147.9220443441	29044.7698178155	26991.7422132769	14327.2143416527	22213.2913705078	13610.7466397797	20616.1605582962	14499.9846934671	9585.1291127623	9279.58313865309	9791.69913805026	6970.09687625904	8027.31802472182	7203.97883711862	3284.53889013148	1567.95654170915	766.589159934686	0	47.6286364863102	53979	259264
54	7585.65333782786	9900.68283651666	11278.3410324953	14576.4515721635	24988.0322253854	19917.2826034414	35914.8757081267	55354.749086911	110663.610598749	1718530.35342487	121711.227098399	133103.764924502	31077.1850036043	27507.7608689409	31258.5426080503	12338.5247876005	19559.2852878323	12179.1783998143	23213.8350043972	12874.3578992691	9268.93440181524	8051.18400891727	8968.07563158049	5079.59713534231	6411.14583880333	8096.43617748139	4031.18061434393	1859.23620189454	903.457321570392	0	43.9218797231065	53742	257056
55	8119.50125315567	8763.98873863176	11211.0456430513	16421.3541914172	25607.7136445803	21548.6755521531	37061.7041823137	56509.8442092581	88753.1348252223	1741054.54559495	116915.343978898	124751.028753953	31329.0011799075	28188.2515193274	29206.1543690888	12897.4282793758	19055.8340726881	13434.1268511748	26015.7971772448	11812.0485491392	8572.11047416171	7769.40465387747	10175.1002947808	8094.99087975127	8165.58874498066	7116.83571151477	4710.19626361131	1650.58047501802	762.740696393794	0	49.4263766495592	53479	257474
56	7576.0316205968	7022.47715825644	10978.1720071154	14048.403380012	27957.4031817212	23279.0640678973	36911.917068111	60628.2015312196	91944.4846580585	1721877.73053121	114208.836055093	123402.96688028	32802.8290040541	25774.6226305335	28689.5585580865	12997.6719779601	19291.827851594	12463.9455251328	25636.3376331257	14442.6914695232	8579.74929721111	7788.34290381405	9327.33448932984	6852.14230952014	7365.38185078587	6032.23959481836	3347.17181778378	1167.21951258284	671.51458253405	0	48.8989241392747	53499	257931
57	7780.23091946932	8844.12409457154	11761.6314078764	14214.7513226992	25432.3870705323	19286.369361381	37810.5670316194	53983.0680753653	90569.22848577	1665107.95613385	120171.514102251	131866.309949923	33415.5882499273	29611.1529169575	31452.8291206711	13185.782497327	19385.7388470034	11633.5674562868	28087.3671646372	10031.4318253889	8516.9896316938	8517.91833975717	9376.07622812418	6205.57322514053	6697.53007733807	8019.9857745749	4133.61847784212	1700.51296709645	674.56375960806	0	45.1156918562815	53319	258050
58	7743.41547834965	8998.11020877991	10798.324818714	17500.4083957632	25967.7491306364	21118.4350685981	39176.0308854563	58464.2517054274	101515.131163414	1653328.92281436	114042.506103304	127560.592832627	33714.9353432915	29138.087395884	27596.5602935665	13085.8110190592	20090.4049839563	13191.5405886029	22970.0002028424	13495.4214965319	8827.42669828928	9164.65168602397	10203.5991523439	6119.28586289452	6739.69096956455	7051.64990522986	3208.63140523439	1908.59259243321	721.603760384587	0	45.3040296517075	53893	258530
59	7804.29771751164	9143.67020864599	10347.1173550458	15902.2727315526	28839.3533325138	21930.44437128	34916.9164377525	61160.1764374783	102750.485998913	1736563.23763207	116174.83188848	136044.457281943	33907.0498407658	28147.4395727282	30291.100090121	14993.5468390932	23096.3820815763	13784.0653703441	21871.3451343047	13663.3382026824	9183.6332110249	7915.14873580725	9257.87089156755	7739.9402537893	7464.32537778467	7120.32933145392	2993.09066568211	1738.90825382746	620.429925975778	0	45.7676858586978	54403	260501
60	8745.13264488518	7549.94285569207	11562.1496155887	12680.2633707965	25431.5289008623	20981.9478109962	39037.9894448723	60883.2791370647	92043.6045864684	1720452.9271438	124102.812781407	131930.838060204	35788.2167321706	28435.7113954416	28868.5571380991	13363.9921038519	19496.1557480907	12637.7317508965	26208.2929850349	13571.3081674273	9167.19132250756	7915.57178484511	10039.1296081689	5457.45923409167	6140.08913529339	7337.92414373112	3700.46194411154	1460.91490915223	713.176240064287	0	45.707790765531	54299	260959
61	7813.34168436425	8376.15669280251	10751.5648770655	16049.1473119072	27416.5140689136	20714.002977077	39737.4089470302	56265.0613885505	102618.652318038	1580581.73885048	110026.481738578	139358.826974819	33802.1487085671	27091.1744272126	28873.6526669183	14018.4544549812	19784.4050646963	13126.8667456443	24380.5583592622	14171.9963999433	9626.76524808869	6531.52856669467	11166.1462239844	5240.16005486141	7341.32952750632	7358.72086574014	2634.89466560821	1357.82183748927	558.515460522962	0	41.7969313736444	53459	259279
62	6597.2713884947	8640.04137090614	10282.6544905024	14876.8388818682	28707.5308968005	19316.8757395667	35421.3786734297	56683.9768937715	86296.453395531	1731739.0390359	109182.604862848	137002.569478947	35267.8955247642	31911.8535070689	33395.6649364965	15565.5059532862	19333.7895308959	13472.0329092362	21913.0798506515	12919.215667072	9457.3692682961	8359.10458447678	9246.77449409492	5936.20518035166	6389.72857845075	7311.87039517712	3062.28461853789	1528.95679524965	540.248660798106	0	48.1809339255666	53309	257900
63	8258.97040947727	9206.72460680136	11964.4103207845	16079.2338741001	27662.8716975973	19774.4616773375	35892.2561650534	60198.7817405876	105926.923844065	1796541.97578455	119031.612201342	145797.597701438	33838.9280258079	28363.3820849853	30422.6797785712	15143.3801149753	20983.5442785048	12448.3243073645	26738.2682580795	12244.2882750352	8673.88176429979	7446.53760991481	8769.65860232214	6533.15321758785	7111.24850088502	5492.00595099499	2532.02370635473	1453.63498335451	502.254244361939	0	44.9768774946453	53748	262122
64	6970.75927928555	8620.37813089172	10266.633655736	12558.4743455639	25137.4138444107	20916.8926509137	35261.6766285961	56045.8646778197	101249.192221105	1689340.91535386	124366.307181639	134567.468089526	32325.8283293404	30179.477794814	30950.4588565967	13910.8521235971	20700.529013483	12785.5781241489	25324.8575887906	12210.4964362685	8274.25855008017	7692.60702928032	9871.94065596139	6177.65027853946	9359.74246813188	5910.27236948129	3339.76370186082	1831.89737013631	547.359843377847	0	43.5760707424359	54175	261584
65	8303.59512889956	8784.76944676147	12164.8202861484	14353.6323329983	25446.4675517429	18767.3063295318	35023.3098568052	60127.8433997717	108941.169140344	1733632.47467786	123630.670580993	150130.331047303	33288.2162815458	27832.2077900804	29602.6274504492	13075.3944326415	18885.4997352322	14351.3020017387	23222.2451046668	10661.2072352583	7915.36294098634	7575.05098709159	7743.99462865001	4909.26082522044	5577.49240776597	6301.44056642164	2103.66932670989	1425.3522652273	463.373549231327	0	41.5441701430178	53502	253482
66	7448.13838893847	7980.73147763325	11304.5000357084	13205.9588308069	27684.7961110809	20297.5955297972	38051.0825955318	56427.4696905049	90669.7284583953	1739448.17319858	121560.510610181	132624.207121448	35895.2878421932	29666.3037258518	28545.9439497673	12613.8326426077	20001.4566793189	12601.6678046586	22758.9100399973	11449.0963227907	8111.34164992234	9248.75420740853	9654.42842763639	7283.71494991885	8136.44836729543	6689.25732808117	3904.09847012874	1407.37808092218	443.77902367236	0	46.6372541328305	54164	258811
67	8523.47864751457	6760.43856682717	10284.2078139276	16537.9785730252	29258.4671922802	18515.7736565494	34808.9740796482	51022.9186774374	103530.933562863	1663390.64837357	116164.044055665	140824.195250812	33370.5326034707	28701.7008163935	31751.4884982047	13504.294058549	21230.4864509404	14319.3601502924	26146.136420644	12028.1349416806	8548.7068918016	6808.43586765527	10530.6330362855	6003.87476976727	7001.02152579517	8272.31564786562	3659.33073916252	1445.89496669724	802.598902133731	0	43.0531219755258	54265	259998
68	7250.82806041496	7497.40629386141	9940.72235057021	15209.0816680312	26849.1325038108	20342.9125299648	36830.2863527106	65784.3107145484	90599.1025241807	1634402.360245	124894.880631235	131873.613569186	33809.3446910672	27654.9407755034	33900.3158043036	12382.7581818717	18217.8551919425	12840.4388625359	20456.9697182475	13463.6408663676	9900.95605982961	10115.5168825511	9126.02249574944	7324.65104390153	6021.53752918476	7983.40968781586	2773.51455478411	1530.82363876339	900.318174047278	0	42.9699523804237	54099	263863
69	6946.80841135365	8109.73638540616	10606.337255936	15195.1518558317	24986.5700437306	22435.5188274531	39496.8689302428	56468.7909694156	91349.8827559776	1741107.43392722	114111.005304999	129226.008135838	34020.4159969084	26968.0583045638	28262.7138253272	12458.8941216936	20072.0870085753	12175.158268774	22793.0307450461	12768.534137175	8491.54220369587	8808.14483242251	9374.77852402822	5306.63043191377	6154.71090113561	6160.02041996891	2664.7951128352	1635.56036172087	767.526042125366	0	48.4500135683734	52961	253025
70	6874.1915271398	8838.56641031205	11292.0899623192	12693.9722921063	25759.5721075284	20936.2185241905	39858.9196292774	73295.1714084057	111861.986035295	1664769.17084428	125326.311287717	140316.734297964	34989.4583000347	27332.1465986938	34544.9876945393	14716.4747764386	21651.5910051483	12730.2000100734	23519.6218298645	12451.3574754205	9065.6326731366	8405.41379791681	9161.77057415061	6577.25464101767	7183.40987520246	7213.89518383678	3063.61192239826	1473.96255684304	640.111847301042	0	40.3647926357098	53851	260592
71	7831.2976392925	9907.12528181638	11443.288412449	14931.4504884636	27007.2944215283	20542.2723192407	37345.5806911968	53403.001130473	103316.994118764	1829340.20794868	122214.120353418	148931.396296763	37103.8610521037	26745.863373862	25023.4100337869	14731.0770461137	19270.1908051651	13055.6510854148	28233.119688845	13479.4219911921	9640.21547907279	6339.0180854713	10194.4496693767	5795.07622693997	6635.27643138202	5468.97757458568	1998.2941531958	1379.175424505	620.791050601121	0	45.2436394950253	54324	261111
72	7480.65730367779	9209.80401900553	10757.7838146774	16598.948266698	26091.9963600082	21114.4520953763	34251.9283639412	60725.1461923216	104454.079461038	1759725.77276541	116004.363116841	144385.038290597	32541.1096783183	29255.9438405617	29440.3676184566	14643.1217453917	17647.5130236248	12853.500155148	22183.9998737574	11988.0284630288	9575.42680878224	8765.64655344998	8646.38853274833	5723.67434224944	8337.76637207926	7293.47292380076	4601.67882982117	1425.50829235015	595.955580323876	0	44.5061700214127	53429	258550
73	7563.16235221048	9460.9933563975	11013.101756334	15829.8139923428	27156.8784503452	21546.2636236986	35804.7653389245	56239.0982169956	88775.7405348963	1695460.60466391	114437.711860091	142667.239846853	34633.057684223	26313.0758618796	31535.5841789024	12748.0665130478	20347.4638931539	13415.7170437198	26194.0843442827	10774.8915524594	8927.40246416744	6969.13421862196	9785.39991798117	6805.18069604061	7463.60421052936	7223.08795269056	2876.6321661449	1471.40771060793	760.961313664862	0	45.1116712983185	53269	258864
74	7075.10966494664	8818.95725766776	11993.188018375	13859.4258759576	27731.7576287762	21444.3488256825	37543.880067046	52391.5955523618	103548.572350763	1677161.58660727	122865.497752281	134166.365264564	36323.4857286334	28247.5854704026	28213.7646501062	12962.9221705741	21303.2609655426	12029.7899946792	25456.4144940435	14033.0931826422	9158.95085177555	9029.91896831692	7915.15044379555	5668.91187986697	8633.59076791539	5033.18131107376	2358.05967582514	1785.04325303432	476.293236339662	0	43.5614593851771	53904	258768
75	7339.78576159237	7372.32458013292	12516.6051782206	13208.0402551142	24903.0034399564	19547.205892343	32945.5451941131	59445.1117965222	95000.9288870191	1691685.66228569	117748.721011722	121327.38622187	35864.3749177619	29615.7449811363	28168.9962163139	14247.8445284697	18807.5671590649	12316.7381514676	22075.4288442404	11907.3924339064	9354.37439699215	6953.68791202628	10184.9265143252	7034.3861488481	8659.37940158024	5902.706467337	3999.24467271624	1394.14261053817	452.655898819798	0	47.263624848428	53156	256830
76	6580.63895512997	7646.36917813907	11222.6149177909	12718.3276418785	28552.3025822421	18815.4930552745	34461.7093862629	55110.6355648164	92909.4943990023	1627945.78517661	118750.195802126	116360.385009616	32324.900527437	27871.6309803261	24718.0159982767	14942.2228622131	17950.8943908224	13393.9430915333	20755.7356440424	11449.61918048	8150.89547623419	6729.47136882264	7953.47056846979	6015.44111622903	6389.98349302825	6012.45127259505	3106.15920180423	1349.98724451878	1053.0122928027	0	46.3970380726907	53697	258316
77	8724.20716859644	8588.25938620592	11690.0350636544	14626.298975531	26887.5400621382	19929.0517073208	36890.7214519223	67317.2032927747	98641.0341519497	1732928.6230869	120057.24676831	150850.931365494	32035.7978680275	30512.330051501	29567.2257622191	12452.274846223	19030.5035806528	10745.7622680139	27360.5008021353	10823.3786085207	9380.20319559109	8709.22213585553	8241.9648218563	6121.33749455763	7656.29030303327	7241.90280537019	2862.90943775155	1535.84772730678	748.184786388157	0	42.5107989431204	53830	261881
78	7713.3277105965	8981.17882913105	10726.0723447517	13351.8070232838	26800.6133880085	20255.6232822561	36421.478779626	55741.1006546503	93322.415112701	1747564.67976699	120472.804924107	141153.444771015	33066.3913146829	30173.528858966	29570.9399922175	13184.1991506446	21363.3952731973	12284.6196373654	24428.6441454807	10453.7698091402	9236.39052867218	8643.93768089881	9130.93699414548	5548.58003417047	6171.37457488392	6479.08833850729	3945.57536505068	1277.64247402476	694.031926344035	0	45.3539743625637	53704	256180
79	7524.50303471159	8840.39542802748	10797.1665310731	16094.7883665876	25763.42136697	21194.5794034683	35323.5099762021	64836.2331684153	101094.736017893	1624772.84202517	108552.848584908	131585.220575639	33426.2679528987	27662.6427259655	27558.7790789432	12471.933755187	19352.0597896059	13233.997888317	23467.343160792	12641.8047112503	8293.15239137961	7057.33253233481	10669.7170324976	8460.41589305349	8149.00485641426	4611.38393479512	3604.25170029822	1342.49982203148	511.149211863235	0	44.1674623173122	53484	260806
80	7112.88345423946	8170.26028387702	10891.9081042814	15953.4532932634	27974.5462021416	19332.7819881643	38704.7664610357	60188.5000178937	99861.1121134428	1817017.84250765	123736.526481826	133487.976915208	34172.4773552457	31126.7250182065	34186.9758414341	13675.6958451004	21100.4193938998	15590.6819343409	23918.0728750996	14569.8087483525	9494.32552454504	7604.74811589373	10085.967879141	5957.52809306759	6725.70154795072	7508.38784838819	3762.70952191948	1816.96815925162	978.689341611476	0	47.6211904862904	53837	261063
81	8048.23888332299	9578.59678782712	11127.6923619421	16424.9395880929	29075.5591852101	19431.0439025746	37225.8535084201	58705.9623605725	94369.7863266586	1796413.80888713	117289.25247196	128571.319713839	33876.2337823845	27377.0162825475	29330.4520405363	13647.1994976391	17952.4033420039	12308.7960501946	22703.604260588	13469.759818464	9073.2850484015	7767.71388674924	9982.60211175086	6887.53126926206	6931.52930982501	7119.35113913607	2673.60972480203	1716.5747670683	712.222582677019	0	49.419901416353	54049	260428
82	6367.09232029218	7916.97873212161	11577.93360723	14678.0742332699	27318.7866527013	19220.4511479751	38031.0058494539	53390.2422232661	99788.9981979646	1643680.97527404	122162.965567603	123570.740988954	30648.2635530265	27232.5861289606	29296.2995745226	12182.9433312635	17069.6932077759	11849.7365245558	23138.4313456001	12026.3412589822	8617.80444966207	7586.44144722981	9290.49137476989	6507.79552763673	6883.15348107336	6546.59989624042	2910.04153533689	1302.12592264226	639.652245732318	0	44.3673193347093	53853	256573
83	7195.2976675474	8860.06923988077	10867.8198593317	15243.35815809	27476.3393825562	18519.3046074689	36719.4814755294	74800.5207943874	92967.0192695392	1744193.31188697	114398.356500547	142429.849293026	34604.5460988613	27457.2047619191	30300.8780359429	14658.7654280931	20267.4050894193	13425.1633318493	24656.8514959983	13721.0409824078	9256.84334515399	7675.28225497431	9123.7654731834	7471.82608488971	6496.51033717918	7934.60132302854	2809.8447254092	1757.65805524951	1091.19572934162	0	45.1912619339969	53437	258356
84	6959.85478803195	8536.14581078566	12024.9576974692	14273.8612475461	26748.988429634	21070.4330216321	37868.0176893204	51153.5969824892	97209.2525197104	1716862.11753395	120945.200478931	125884.272017641	34405.7352653173	26887.0179528298	32318.377226119	14043.8614968975	18361.5870873032	13465.0539009135	28801.2022156464	12960.9302565737	11440.8409992647	6807.88085744696	10458.3415219259	5315.56674511446	5411.07423216603	6460.14387039569	3044.77850449386	1587.36801093226	1022.11752671418	0	47.0788500267557	54100	260732
85	8099.1369132581	9157.32511130358	11434.2408603015	13686.9460151065	26182.6341229926	21175.8625143992	36291.0516863711	57653.074721179	93275.9038552154	1543416.64375057	107874.541588916	120692.784852739	32923.959626645	28212.9709943776	28977.6920340841	13972.7235025625	20627.4595309029	11669.0300074397	21239.3100342418	11295.4552017216	8716.28619697862	7996.5602459564	9926.68243933199	6303.74961517905	6409.19765077958	5337.97908483188	2690.22541465034	1542.62314698538	710.28883371594	0	45.0777751896934	53863	257740
86	7651.95981588084	8731.99849438275	12121.3899701723	13430.9473772828	26538.8114584295	20113.9425053234	36993.7584746456	67883.080261005	98194.5890932508	1758623.87683101	124289.099092685	127445.033808321	35347.1025826013	27812.280689163	24722.7189712873	12715.0231503914	20724.6419183696	12222.1205576728	19816.1048451658	13138.6993650259	8826.25826668085	8260.99821351194	11039.3963258754	5642.01646138918	7173.97208158984	7368.37474158097	3042.5263469065	1362.75182066934	428.967878279942	0	46.2675579657815	54149	264303
87	7374.18200298566	9522.12851871351	9874.45702568303	14253.9288175229	28262.5513890691	23067.2266289647	36570.6004553975	62066.8173877734	93666.2068942904	1661763.15673133	108351.111770923	148958.613394536	35610.7803113229	29315.9549583151	30750.7369771901	13000.6266680098	19374.4776079773	12566.5122636637	27850.199071997	13256.2296021655	9262.64288450078	6635.77108979301	9220.53287702457	7847.98490913486	7348.8332195901	6245.71603678821	3032.11195080799	1340.03804691434	393.305557675095	0	43.2078985727072	53775	257647
88	8260.15739452533	8933.47702623061	11283.0892972523	14012.8255724427	28992.2031159305	17982.8803105386	34491.8319292066	53246.6155918063	90254.786713638	1679450.87962933	113715.03465415	136107.77399218	33672.8192153362	31183.6794830976	32125.4564897802	13016.7155061506	20725.567281568	13109.0045254532	23047.0832642713	12313.0518069873	10821.1798076113	8031.48332705116	8513.88646558713	6460.98531110573	8635.26551038823	5625.33856877891	3692.11545365555	1338.24001709179	520.625345744028	0	45.9132502710288	53442	254823
89	7498.52557816471	8606.58853741761	10816.3266575928	13604.1506397142	26109.0361858168	18726.9379987466	38735.4317419825	58999.4499996195	89139.9843777498	1776658.46340451	121794.111639112	132477.979417531	33389.9375099419	27997.0822344498	28676.3545785161	14761.8625660891	22404.8072315316	13100.3020004095	23566.0347701483	12427.992666997	11142.262465295	7232.51153441248	11712.4653915973	5094.21025383295	7244.54541813044	6860.5103114048	2367.76648426981	1652.65127847387	671.755949541656	0	47.8636711815795	53574	258894
90	8131.50854323101	8961.80138287166	11040.1431266749	13478.1305956108	27708.7623963281	19940.4566275773	36528.052691237	52829.9795497057	89329.7275475124	1640942.75363358	114214.698416356	136695.896288299	34038.6587620509	29610.5061718234	28120.1023202083	14343.7847855748	20958.0027935131	12561.860417372	25325.6554431877	13980.8770791653	8857.81042483061	7449.04986505377	8110.24936243769	5870.40646493306	6748.97372046976	6043.10337085877	2755.26127143411	1610.33597463285	797.383210572342	0	44.8673426835252	54075	257441
91	8331.38897059665	8183.51237297148	10453.4653623791	13646.985171946	27396.3044243363	22600.2391632193	35543.6772109728	62380.7381624294	84328.3793692795	1654829.03101718	118425.716952983	151340.021916002	30901.8060205081	29345.084733257	34334.5938273059	12111.5992940126	20667.3754205317	15402.0621125652	27680.9573589239	12790.9670590366	9253.56229583392	8973.1850555324	9624.15830812127	7186.28088379144	6640.71680446705	6047.83614334817	3148.63906390303	1645.84853985415	602.436063202629	0	42.1928549768541	53820	260286
92	8043.12747327884	9576.46924471277	10421.2349850607	14729.5529873189	29018.6865125499	19637.8770286837	36773.0028769474	51439.8035552213	101166.333216002	1815836.90816817	117707.263670479	137805.928676462	32174.3501690078	29415.6355263547	31957.8515330428	14086.6738003249	19158.8408923173	13391.7715225065	23207.7105279288	12419.9577884839	6771.81523446043	8072.43706328727	9368.04202689731	6323.01910150023	5993.31060627669	6633.31420296021	2694.24428886121	1472.75607742075	873.754282727985	0	47.6573843501281	53066	251475
93	6711.20121474358	9385.83324189348	11407.2082592969	12191.2169736142	26954.0493113994	17478.2019138772	36213.0995271039	62335.6763096646	107747.773959935	1709054.67192888	115485.223629879	140494.335280436	34148.7024226149	29781.291868974	30902.8328233353	13645.0997804516	17552.1136700886	12573.1990596679	23028.5344804049	12460.0843316671	9796.42894143543	8794.78176306063	10662.3824223213	6431.99264963068	8531.45615300808	8120.85419646584	4920.51961786198	1531.076731905	691.453554124587	0	43.2622854013606	53769	259468
94	6991.90518652919	8248.72329110869	12815.1463294432	13991.9380298241	26077.184072772	19522.742599263	36067.9347044664	58479.2827462815	94533.0072662547	1691050.04273851	122206.915483286	129875.074219085	33000.9520964826	29528.0817366218	27615.9204326121	13180.2484007044	18172.8209540446	12774.3130183788	25646.1006206782	11700.9545459466	8720.55381628642	7457.42027390013	8808.64059651931	5837.3308765695	5947.63190821101	7238.51526289652	3390.18607126615	1754.10782116895	500.666120528099	0	45.2764341064418	53906	259838
95	8293.92069209614	7394.97757930948	11003.9254347927	14126.2496314458	25498.9180118779	20676.0782058197	37662.9813217155	56246.197184991	123235.602741375	1748034.69010684	111858.525905385	125835.818886002	38912.036793582	28487.1863676822	28093.3640668161	12955.6899778527	20804.6059416928	13383.0679875067	23413.3422820922	12475.8926210296	9190.1896209366	7164.21983278065	9910.28015738442	8300.20768201022	7618.21879917525	7815.83475403047	3382.03281446869	1449.69816708434	689.164266496748	0	45.4281581818782	53911	257734
96	7890.18855361294	7947.18046510767	11377.7715711533	13621.6813008992	26201.0357226386	20207.5711315667	35754.5276822802	60391.5036336344	116448.201213455	1724104.83752902	113128.761544295	140205.151879523	38178.5118767464	28646.5969434071	35086.6948177506	13447.4866525508	20181.8758531843	13794.8193544916	24241.3701711597	11780.3200079272	9360.93272551226	7760.14431549052	8378.33457287883	5898.72576708015	6416.84648144756	7506.32619504394	3106.91794562173	1814.39548805072	467.515932281497	0	43.2974078618741	53493	256664
97	9019.68599505142	7938.31862852504	11442.5744897024	13675.5936486343	29060.5594634924	21463.815938087	39220.145052897	55933.5307420031	97556.4650250263	1770302.16742649	118632.485377359	127684.772898856	30931.174610928	27710.3236892997	26133.2970013306	11059.4194495172	19245.9149502489	12447.0218581839	25242.5267133738	14163.1650540785	8921.69406784142	8405.01019929328	8191.39263679604	4852.91640467554	6014.14697951252	7195.79704167336	2709.76161228625	1294.29447161103	743.398284648467	0	48.2379973562657	53321	255757
98	8184.1074498695	8012.83101639836	11397.803236937	13264.1757523695	24939.5065057292	19756.888120296	37904.9948336298	51833.3901720517	102363.433367704	1719386.32803173	111501.08913709	115580.538271913	34057.0676717034	25407.3589323797	30344.1789391535	13290.1139659493	19913.6903616302	13225.7010173819	24481.7367429651	13070.8684764786	8854.01303699144	8018.70644583177	8947.93471956585	5677.77999796471	6169.60325219145	5620.21440021678	2583.31354929644	1733.1563668438	532.871778997223	0	49.642874291664	53775	260533
99	7306.1634117109	8413.96475745857	10885.7772088071	13026.2316578328	23126.1467705561	19271.5446917081	34554.4493876322	53565.2099343311	113029.009433074	1711643.38879883	110538.778360717	133787.40830014	35549.9843898228	28407.2474677931	27986.4775558349	12613.5760561752	20848.4196318373	13489.4386614724	25401.0256888737	12752.2439531925	11502.2420311127	7585.91257162864	9082.67686824721	6216.58065104991	6519.58946671409	6749.93178476722	2963.15580816472	1403.62168879338	550.300956202734	0	44.7656721097837	53564	254150
100	7454.45429087431	8370.75598825261	12794.2756003848	14096.6460001162	25839.0895072203	21427.4613803214	37335.5301165781	56648.4120445761	111384.16531471	1792928.31318977	117701.607487056	119117.10819057	34461.1669031891	27630.5371734629	26406.657833279	13820.8375097595	19926.3121540795	13137.0576236326	24067.212896475	12457.4281228529	8228.68026905886	7067.85226675656	10914.7141067801	7139.58133472505	6833.12046534269	8374.64839884632	3758.4414830801	1797.87677966318	802.582562941844	0	48.6799262506654	53813	263891

Average (AVG) ping-pong signature and standard deviation (DEV) per [nt] 5' overlap (last 3 columns refer to avg. ppZScore, avg. ppSequeces and avg. ppReads incl. standard deviation).
	1	2	3	4	5	6	7	8	9	10	11	12	13	14	15	16	17	18	19	20	21	22	23	24	25	26	27	28	29	30	ppZScore	ppSequences	ppReads
AVG	7687.09413139014	8673.17237952825	11082.2110192901	14354.9673919161	26797.562406392	20370.1768877432	36892.6968628949	58637.987600435	100357.00304638	1708755.19467126	116133.407912363	133178.299695755	34054.8120774112	28575.0554403324	29901.7000115487	13673.1255513557	19919.9930534731	13097.3343328709	24254.1378367715	12566.968254734	9181.20025291687	7893.34797779992	9580.21293714654	6216.90257249442	7259.12975897672	6655.82099957338	3275.99918365534	1525.98993265422	657.137570210966	0	45.5294464423446	53793.84	259236.93
DEV	608.236565897121	871.283670223808	654.690977544641	1192.41411145664	1487.74421487993	1186.84520531777	1590.85651344258	4885.96439847267	10390.5792785095	61616.8067503602	5163.67679281753	9536.48612519782	1618.68694404332	1457.54578119806	2691.69531155485	982.799033377549	1246.28954190093	908.692303365263	2119.83326671009	1019.53892545652	814.691376634633	787.129723443205	941.624502802597	813.106603384401	977.688969354795	848.448283077063	747.447689512579	174.280655970941	157.65028351858	0	2.45680377671887	325.532078910819	2915.49459013389


# # # # # # # # # # # # # # # # # # # # # # # # # # # # # #

