Ping-pong signatures for 100 pseudo-replicate datasets (1000000 reads each) based on sRNA-ACR-173_preproc.map (7987330 reads)
	1	2	3	4	5	6	7	8	9	10	11	12	13	14	15	16	17	18	19	20	21	22	23	24	25	26	27	28	29	30	ppZScore	ppSequences	ppReads
1	36772.5277617648	19316.2339537702	10642.7520269067	28105.7201485728	22005.2817694551	30509.4783163383	35099.293890026	66492.0504959769	163123.763308846	2006466.67552895	135212.433198388	69104.6383726839	50012.2134545901	35246.9826043148	15677.2315637061	16810.9997460914	18430.3865410145	14717.3915726211	18760.4489427973	12317.8593089604	22390.8320625996	8328.93037576429	6707.61507661513	5940.92000928095	5463.4679451751	5377.88710918128	2742.62289249361	772.365263022309	286.512421866825	0	48.51649733468	55190	309684
2	37313.5535183784	17163.8061870022	13082.5340023917	26294.8382707308	21066.7196122805	31439.8661140435	39743.5544090079	67990.8711489013	165329.669213775	2022161.21204935	138679.626842911	71293.1296389873	45584.6914490961	34929.9280285727	16177.9499963462	19042.1322137507	17485.4416904496	15437.7202012743	19122.1381259033	11509.6726312794	21985.7278837159	6837.12022003723	5792.3648792318	6601.9773259609	5263.31377311443	4229.48041763255	2918.46848803724	1096.71171470038	681.900736350447	0	47.9548297204971	54838	315584
3	36746.8033667062	18072.4445308943	10716.3408715187	27823.967933277	19372.5161958869	30826.0468768381	40891.2580452066	62421.84282396	161135.712987022	1928719.24409613	129119.636926537	69744.249219713	47665.1720993839	30733.2417891006	15579.4930430517	18715.6804020657	16865.1162824888	17281.275823262	19663.004844068	11375.6627534391	22097.3070638569	7816.13572614027	5868.38310853831	5698.85768865236	5680.40285094748	3654.40641533622	2289.79918701819	849.929434489146	550.038786272883	0	47.9344493575873	54961	315008
4	39823.7393599447	16491.1705973258	11517.6617976196	25125.8098089945	21275.111537456	31103.4007362432	37548.9045028059	68518.2190085175	178412.584647967	1971602.44935691	136414.273156173	67495.2424999808	47403.3875199151	32832.9192751683	16164.2447814781	17674.1146905191	15348.2076670161	16000.0635849211	18648.8034169416	13517.5815392478	21446.9049678248	8679.53802658069	6253.50862658105	6564.27508054909	5721.21135219388	4046.52862213731	2809.04167850942	1367.17177752052	1240.67925039093	0	44.6753883216455	54934	312894
5	36569.4213583703	17859.7241361791	9697.01141232762	24362.8580940484	22846.9649992996	30985.673359054	36392.5180873618	55415.7245796391	158954.44441525	1936603.63566419	133145.513009615	71388.9866178802	46383.858915579	31150.8535591056	16423.536453955	17744.9263178023	16731.2040846131	15583.4056795755	18167.405427538	11680.4880700866	20972.7208290631	7712.79587626904	7211.9814906384	6267.2732953704	5359.33652989535	4523.61834490285	2542.18504144744	1165.42872299917	471.942696194859	0	47.9699063256004	55301	322168
6	40398.5041298401	19209.740138365	10153.1998979685	27156.391640965	21464.4009992427	32033.1188885156	40099.7840627363	61892.9179180383	169800.876596358	2006709.67037508	135164.696362592	68927.5970158917	48756.4103665067	34574.941938341	16025.6994692898	20165.3594423348	15285.6061193197	16480.8435570928	19809.5768120317	11540.8095561827	24973.5662658819	7010.1938657531	6381.90313323841	5899.19411504341	5132.22047867228	3854.58084449214	2927.05490013317	1385.55600525456	495.097711969721	0	47.5301774589175	55138	318760
7	38652.9289437116	17252.1082592395	11563.5577545826	23712.8002825478	21403.2698184655	33569.0827554244	37278.4112977596	67549.5050301351	161903.326086203	1970503.23203977	136474.348043817	76619.8863997343	44004.9468481811	32690.5368612588	16279.0552507896	16663.2786721963	18792.1778625649	15863.4363884127	20840.7641927404	12926.2119735464	24760.615947869	7743.36581067718	5735.46937809286	6039.03107430427	5462.23851502702	5221.85983081898	4205.69391492576	1064.27059227701	849.357724738439	0	47.3836345215714	54621	322575
8	39528.6976514675	21737.5930240777	11617.8732067229	33941.7527354402	22322.0161336644	36746.446695204	38154.7670388011	59220.5911927046	175215.370530518	1891612.52137827	132098.800940395	70211.8028699994	48174.7100878096	32329.2843049702	16306.5154447551	18337.7064596746	16469.2236470524	16280.9961595506	19260.2085620076	13080.8307403944	20076.7570636555	6549.92501146869	5697.07778583213	6398.40653838297	5501.36313275015	4412.82055674433	2196.99425312428	1201.94423128673	488.238685555962	0	44.4999285695406	54878	313177
9	37027.0301883879	16653.4986342431	10261.1995681885	30167.6047738947	20646.6364386775	31526.9199281625	36377.5701768217	70152.6320897429	176897.594373611	1894567.19877375	133223.010269216	73255.7038041329	45046.0812703299	32987.5729371678	17456.2683460832	18977.8494919158	15594.2920438055	15151.6161908671	19276.6734536309	12969.4769018209	23980.4553105355	7841.34362186692	5559.84927292063	6486.29930707501	5758.96077471167	4438.21921954231	2360.71172782324	1414.6063294865	611.352530050149	0	43.3382088707169	54697	311214
10	37880.5342214117	17134.315997275	14456.6851447609	28462.743172248	22312.1918728038	30129.3623424795	39109.4009098564	61922.3250018227	162014.097738646	1959082.26318246	131755.484886824	70848.0126817259	46980.6448459623	33140.7870073239	14960.8308394418	19489.0609365324	15945.5573331795	14048.4804641103	18733.9204645165	13748.8402377813	21222.990574441	7619.94396639936	5868.46179325776	6485.92994393612	5832.63419358464	4499.17932849837	2482.90601603432	1397.87983006512	482.816759903461	0	48.2987390529519	55115	312933
11	37184.9226295097	19001.8139533627	12088.6863124765	27579.8909352786	22921.2532693674	30162.5533965855	36070.8925929717	50525.5850861782	148880.155718313	2002510.02485967	141769.584106907	73957.9265432432	49289.0367879255	32703.7660249873	14853.0539724328	17244.958070998	15776.850851555	16281.7022543507	19023.6724677568	10922.4268643301	20763.8543087401	8302.58843776628	6537.10194701417	7613.58018929121	6696.69122706111	4755.69027803656	2925.16590150851	1552.83918469308	687.19493754149	0	50.2349747710241	55191	326210
12	36902.7215639626	17214.2635239759	10543.8392136358	26769.7401635501	19860.7156106532	31835.0967813223	42843.0547892087	54336.2996277088	156112.894456304	1934985.55227891	138993.23366095	74789.0545350576	44717.7615762374	31591.725884872	16829.6391432652	18161.7534294691	16707.1216960616	14512.6163868348	18500.9950094376	12464.0280295221	20818.6618438276	8155.06207956251	5466.50892741243	6571.22195003949	5222.95382418462	4516.97059462724	2314.00814184832	1608.30003119943	558.701011994132	0	47.4691009132757	54960	326471
13	33460.337172979	16240.9246803235	10895.9043081397	26499.4842834067	21777.4686301172	30766.0488033524	38017.02782646	56185.3210751541	158026.03596364	1985100.71442332	135933.387949294	71331.1066099293	46197.3216083913	33948.4709090477	14787.8053773841	19540.0208920531	20779.8178619232	14658.1421805503	18881.1614385095	13295.6053866705	23241.9533219039	7582.74758997236	5807.80603453901	6201.09068932338	5578.82650704552	5498.15026373079	2379.83941066413	1478.32331555093	455.694175697666	0	49.1597627286604	55209	310280
14	38358.248346672	17953.3673533821	11522.5306112301	30572.5535379917	20705.3963639235	32553.5959108443	38979.2703785381	57729.3638841023	167249.426507859	1942218.38029767	137574.645384329	77079.4278061064	46889.2183972927	35110.2036442734	15930.1885927732	18994.7306967188	15676.5663963641	15171.7849527902	18424.0062859637	12097.3776271504	22229.0485050954	7845.28597909419	7411.8933082031	5866.26350330816	5345.93070064211	4744.43121393179	2594.41788197486	1332.0407658472	471.588258979128	0	45.8331613086915	54486	316556
15	36165.4317789561	15583.770041643	10012.1254791895	26864.1952495802	20836.5949723643	31818.4095110084	36839.3963058436	65824.9284699599	166771.624661809	2002463.07829904	130213.457243497	68490.2182785986	44702.5005716632	35021.8393965315	16039.8191439241	16936.1643044526	16358.8004530367	16864.4665902302	17479.1056575688	11281.6378429692	22676.0279735128	8062.07035726342	6239.3295696376	6165.32483956263	5758.07202599091	4631.36300640937	2774.29062480155	1390.13549641286	859.730533866442	0	48.2709427058046	54309	318775
16	36526.5842861643	18349.6444854799	12286.3047748519	23314.0782249667	21090.7020997359	30325.2794379352	38006.3454909665	61595.2201160814	164132.88692324	1980025.07490169	131427.194144815	73924.0400445939	44707.296771093	31713.3178310416	16529.9594608977	19465.0667763046	17163.2661084741	15243.9507239848	18380.8675699123	11827.3924967166	19871.2974841601	8159.19894438181	5826.27214266603	6986.30489101107	5229.54829507073	5203.95213040631	2291.67044796835	1181.63546871335	1278.10659902784	0	48.1579158458073	54965	321362
17	39767.8354827297	19021.0426813567	10922.2217939863	28651.4968165377	22493.9460241842	29690.8248901739	39714.0377382475	59713.7996397614	154982.039027686	1971402.31597152	135210.411849915	74581.4683835467	46037.3322490145	31985.0551423386	17024.6043839237	18196.5923105841	15620.7487243023	15949.0436638864	18130.3206173757	13675.7046286481	24116.5889728374	8486.20361949489	6411.63715525658	5710.58972440084	5383.05470331843	4819.65016026062	2459.98612685026	1036.33122597274	425.997655843334	0	49.3147824272965	54575	311225
18	41170.9524650953	18306.2335843418	11106.6901349633	28467.3995518799	20688.1797049133	29183.7886923362	37468.4004259455	62680.3237751687	164273.321389291	1963917.4404264	137381.033065333	75739.9898950869	48826.4385999528	32798.6098362504	16996.2533859956	17191.7545285461	16724.2012845289	15225.4502306478	17414.051881216	12191.7941903998	22624.1148109168	8390.62008248766	6197.00954456853	6578.91791550745	5336.89333218567	4382.55296961404	2524.31210475047	1896.14192892549	529.79388257707	0	46.6986527695505	55072	308068
19	38265.8918841826	18770.7871447865	10642.1451526153	28090.7734032301	23400.9001306928	34470.5081993437	39876.7156460164	60746.5185007221	158217.284087548	1976216.09559116	133046.198340894	72936.8961834076	47862.5418876391	32491.7728852598	17187.1496008342	16462.7297022755	15413.2132050721	19746.9795094875	18309.2730641378	12872.4266494554	21705.0271692611	7939.56487654357	5385.03474982187	6759.01982829131	5719.93207350165	4151.31554235277	2491.31316525421	1172.53239504465	1072.17570164656	0	49.2989872547447	55248	312856
20	36690.6128870756	17389.7781691754	12676.1719043327	24796.1423952856	23295.3509292833	32512.0194827097	39125.9339460402	58086.7963878758	163119.570275139	2009549.48181062	131911.207652773	69359.252708418	45220.4624293937	33431.1966489724	17708.5020274526	20330.2966757821	15334.6457622041	15461.0660818398	19004.2351599982	14002.5554733414	20923.3662806468	7464.57664574523	6174.65248009045	5658.54848123396	5962.70072741683	5246.30687074787	2712.17918822582	1291.04926985916	793.514342405563	0	49.6372335800347	55289	316874
21	40137.9881631749	22925.4761859315	11733.5936452805	24945.3534738525	21339.4630477867	33003.7284820039	39205.3228286109	66259.6352210544	174642.360178519	2041795.37887878	133876.003426491	76441.0366481787	44830.0467032386	32641.0131400626	17979.7575745607	19268.5556452309	16354.8834992999	15037.3903664884	17709.3629824537	10562.8377739597	22084.8375025982	7766.22651199054	4933.61233958579	6610.63849678489	5345.98293765842	4723.96350929877	2610.91605654603	1085.33033211087	650.493550762413	0	47.2279058334996	55604	326603
22	35481.7170937802	17349.6811434522	11569.5993045042	31164.1191918649	21721.3873999802	31474.7076677843	40388.1590177655	63254.5953184065	188811.084793593	2071800.48548547	138648.415067414	70067.6675296848	42662.2617415158	30329.1245366004	17598.7315596067	19334.1337599596	16477.2569145783	16286.0556366795	19119.9596981165	11521.2790151822	19128.5787082007	7844.15192666125	6383.03033842863	5839.51170496222	5946.06999420989	4386.88195949687	3235.83840983889	1052.91677389841	1100.58692886528	0	45.1626619928686	54885	313390
23	35681.6223701523	18733.770646802	11525.0313930535	29103.0547512893	21506.4115761166	34066.7265788156	37857.3158061651	65115.5247552596	189822.15895548	1980262.27355856	130820.913301232	76645.0248160098	50901.585582606	32276.4050667678	15472.302164694	20190.2530527091	17662.2366962708	15859.1987507938	18656.1948964426	10884.6389963818	20560.8019868012	6995.25292953445	6752.15026604296	6221.29324445564	6069.63697185692	4616.23645506174	3061.08921157497	1023.05392776691	259.452532499693	0	43.454697681154	55429	325676
24	37993.0913812584	19174.2632705889	11846.7912368107	28130.1991504777	24006.1735873674	31420.5375599004	38165.413200472	58441.3432325972	169938.580322986	2044466.93171139	140920.181941172	71547.4061367932	50403.5053364488	35675.7672537047	16620.0028096204	18767.5122668103	16342.7691315539	15677.6489892882	18037.4296796226	11698.9035109525	21457.1088295942	7532.74970429533	6447.14137304277	5894.66073430723	5968.65953036633	5643.37377984069	2718.47677302142	1001.82391133647	334.537549979126	0	47.6616469148687	55525	324852
25	37094.5808367905	18186.9531840514	10823.2722213907	22828.8708380853	23002.232600654	32089.2498457008	36374.2675642898	55114.9315651963	183163.966443856	1950934.29422721	134196.048826144	68012.5019398571	48823.9631452375	30885.1644562878	17260.7074035271	19614.5120973623	17689.5714447972	14658.6506297993	20494.1522512627	11787.7651422633	23977.7207449026	9581.54952108794	6104.78472470782	5168.23599572808	5945.69394072622	5757.84057823697	2564.7317198623	1108.287337873	373.192172594644	0	44.0375534397502	54731	311572
26	34323.7638170142	21191.4733755309	12959.3247161175	26185.1316596585	22134.6848159477	35214.4440263981	36840.6136090999	65652.3427540553	197720.693495073	1901609.22096614	134386.022474893	70650.855467357	47079.2233938782	34170.7485953044	16934.6447911549	20108.8749362441	16190.0316682419	15084.5892559046	18654.6573843917	13447.7561614991	19703.2764105625	7370.16530029241	6157.16762748082	5376.35587595442	5249.14441328126	5236.74238109977	2420.52286069789	913.670639319719	864.331767725854	0	40.4447238826806	55459	324269
27	38288.3108637915	21484.0483310034	10440.0834442293	29622.0179023562	21032.6913753072	34997.2329125105	37162.8990395434	54513.2866848964	167655.382869034	1857908.61917477	126114.767747602	71686.1790609349	44082.6769686432	31885.1674417657	16749.0509756152	19629.9234204048	15625.7363527105	16031.9368606535	19615.9722584306	11892.910117949	22788.3250499685	8107.99823446913	7009.88983289739	6175.9394887229	5147.1492340135	5068.43640939325	2569.88191631822	875.001179757348	607.950067601025	0	45.6999235322202	55282	322126
28	39101.2772831123	20660.1385507136	11689.0821593039	31446.0562114897	23473.8949554251	32778.0345088731	35606.5188742564	56216.9580166037	153160.510355893	2016899.12940475	137497.857011877	63128.8163089793	48600.9060098706	38403.9240238935	15175.1988873809	16607.744099297	14160.4765252491	15559.7850178655	19762.0167865205	12812.879982429	21429.4280529968	7043.25659704316	6911.94434634589	6813.63631359127	5530.5933335417	5354.18266543374	2335.4497847492	956.193807955242	491.517734057493	0	51.1684929792149	55091	320722
29	36271.9193676745	17827.7347740297	12777.2707791769	26999.6557765159	22427.2231860885	29988.4786834223	37803.4412957557	62791.5141426453	155689.242589437	2010133.36892527	138081.43861179	72167.2788811228	49863.7876687645	33367.137082063	18210.4712950115	21187.2670017273	17972.177855161	15498.0324140738	18887.5023381819	13743.4479683905	21491.9279997613	7508.42141556148	5736.47616293545	5904.04252661388	5502.15122438922	4377.5165009567	2570.12825243742	839.253713518951	550.008699541766	0	49.9541500495763	54669	310414
30	35937.5412473341	18403.3237619927	13347.5734270758	23386.1049958664	23356.3086863811	33697.4274894767	37055.0637841199	53763.0375435829	171239.218960215	1991120.16730371	136342.280138524	70102.1179357162	42515.6981489544	32216.807064487	15599.1546640052	19502.6727848472	15750.1914607761	16496.2672094872	18431.1879211281	12410.4997191989	22359.060238303	8804.32990934104	6892.52846187431	5626.36649701633	5824.30910955191	5238.12349795843	2295.39496984172	1159.74239271711	601.923158166726	0	46.922696133208	55461	323031
31	38412.3665392042	18752.5798226234	12118.1363362193	33498.5662722093	21776.6217663008	31413.2772278796	38270.1246551735	57483.0283028061	208786.780418837	1937191.28750794	138540.115051574	70364.8640871706	46116.0706429959	33704.6207192993	17106.0226910475	19992.3234925919	17812.8423419679	15921.1760525323	18604.8509266038	10189.539523833	20075.9055401262	6728.57563494857	6670.84020386905	6603.81479896966	5229.97906765882	4336.02784653143	2832.88786027774	1025.17849733334	1116.99127223658	0	39.276220492788	55020	310799
32	37517.8659687849	18933.6546063983	12286.0288104683	28555.3815971515	17819.8402240432	30798.5298595414	37328.0523839823	63566.8989592892	193938.537139582	2001484.22815233	131778.780705999	76287.3912761705	45321.2343312406	33722.4920584921	15978.1171617727	20255.3006502708	17095.9391851874	15470.2984958038	17937.1368669115	12958.9860189216	23291.9942202557	7633.84111587106	5732.48973258058	5777.1415035155	6122.44637267709	4320.5924200307	2223.51434397896	1139.57769156752	1181.3870096015	0	43.1802128577205	55701	316932
33	37505.2226211937	18932.4164942505	10867.1569832374	27344.752441218	21557.6082387447	30474.8085048681	40140.9707651761	61474.6206527879	161172.459092221	1956806.08264914	128584.791818765	70974.2711528556	47668.4861111607	33369.247920616	17520.9658774483	16819.5988448837	16399.9483388225	15762.2856966205	19506.6317817162	11178.7098217122	19979.6826104337	7585.00001143093	6486.14421789362	5871.23181612148	6351.11349833327	4228.24952019054	2686.97451275606	1173.04027715332	1210.40367869767	0	48.7401069630843	55021	324087
34	37501.006256118	17902.7419509679	9769.22298892089	29276.5742259186	23309.4305024884	30960.540410403	38924.5246692551	62900.4399521762	180569.350001303	2049708.17824771	134988.17308312	73125.865874896	50556.2818966607	36481.1004672289	16746.5265823341	16819.4020926198	16595.6745834348	16661.7684300464	19364.1274250496	14144.7452699996	22049.1665397203	9965.88504336862	5161.00063180007	6408.83515254356	4990.70115138616	4673.39356531881	2510.91027527343	1217.35813582168	708.615455759025	0	46.4492031672533	54897	313494
35	41129.3362230024	16988.8458200259	11323.4583456444	29621.1333483109	20164.1381271416	29690.2952976332	36737.5846320494	55519.9166189995	152764.466017507	1851585.61353275	132405.037840389	68707.906913978	49064.4887294619	31343.6845768169	16305.3845382155	18030.9191199442	16773.9616409675	15447.9752166957	18188.8633561749	11799.6333214663	22800.5347399685	8407.19421457482	6650.62054707697	7889.42513252929	5936.49019609022	4405.73605151747	2485.77469442536	1070.10136474164	472.468655702439	0	47.2607641071171	54961	305975
36	41320.6092140981	18490.4831229344	9676.27588829515	27160.6357103821	22335.6978073709	32270.9124118917	40266.3897461095	65156.3461957908	155593.439503015	1964298.03456745	135740.754779012	73812.5265711222	49638.5739723851	38751.1168080377	16423.8144517392	17912.3806107151	15615.1147548912	15457.5457536665	19397.826252718	12848.4371839895	20260.7321709303	8178.57977683785	6643.87428402643	7172.74227956193	4694.88936638834	4714.57023940153	2282.06705902219	1078.38478796227	574.038562341103	0	48.688520000886	54659	314125
37	38890.4083115476	16309.3798315356	12108.5636521618	26938.4818835074	23778.1461767351	32933.4395553731	39156.5615160258	59143.4256061897	159995.018013083	2030418.97591934	136686.95411385	69573.2966041409	46419.7370365176	33814.6557854873	17117.983414316	18880.4195278727	18276.5791589004	14405.5596557179	18614.8463110213	12494.5423368079	22995.3273689118	7561.12567439893	6075.78594895051	5727.2897920918	6224.44479015565	4831.78019846544	2577.28472841623	1382.85158575377	530.832797219236	0	49.9305683802485	55498	323511
38	36254.6750205041	15824.3836099323	11914.8531949566	25629.9420303194	21662.2327896549	31546.3373951817	39545.1977938289	58294.0806059384	158263.388375281	1966967.86149123	135272.104814136	68585.8639693941	49007.2429442769	32988.5865276265	14838.2284399819	18073.4353525099	13307.6744995015	15740.0406457836	18726.9326997964	11583.5007678798	22218.8387187337	8330.72053052622	6469.64978570949	6361.1894392222	5159.47443595658	4494.18595670384	2386.24351834546	909.86625589033	545.355328906702	0	48.4664774883237	55733	328455
39	36769.7575685159	15267.3530818494	11125.7619942471	26409.1067840938	19839.443968334	31642.7306945807	37678.9930982399	62406.4518212132	154802.701404535	1929496.3627776	131184.185885585	76609.6399594528	45840.4066073359	32948.8273989392	16266.8739056425	21145.0543817838	14449.0211469419	16879.8807365059	18855.1936579349	12261.2765219051	22116.5207267852	7491.66314132945	6021.66553960025	6209.02966561397	5956.26665877825	5185.09498780227	2398.23050426588	834.212995101235	450.256271788147	0	48.4688052783192	54899	314506
40	41020.3806225932	16890.9252685434	10015.3124524794	27725.3593533533	20124.7415051147	28962.1851710885	35836.9800360448	57780.7619294835	166844.629891497	1991815.94506641	133235.123320592	74483.8096086011	44388.7190641187	34094.9082406562	16540.4195211019	15706.7495794874	15475.3968444492	17772.2277871854	18257.2571363184	11322.1905715256	21660.1935316781	7083.81650555986	6569.47585955325	6259.37647349035	6717.74365434181	3567.63953215567	2936.69049512763	1432.57295936607	577.603276477006	0	47.5593028848263	54765	322789
41	38708.5797804979	18712.743719153	12310.420720528	30515.8497206706	19785.0991188631	30744.2155504613	37014.7398698779	57594.9505086183	170278.200226833	1889903.41184913	126402.088857728	73451.4963560193	49117.8701219689	32398.1098750258	15401.5271997333	18695.8711879876	14851.8869525361	17209.3817526261	19294.1731808986	11590.9485334187	20584.5844822397	7364.89481586253	6061.7253727307	6093.72816050747	5338.87043926889	5111.26573364661	4554.3358309726	1328.99484245505	591.270264885219	0	45.601138400494	55553	313389
42	37746.0435165164	18286.4111279605	9952.61700551152	30223.7214111615	20498.234378426	31189.5227119607	35622.753085019	51690.2156284511	169513.652110776	2025414.92887117	140452.872455815	66501.2584072564	47743.0298990124	33032.9040419431	16959.4987934417	18276.9410309589	18398.3690484465	15316.772536097	18027.8161593101	13162.6458392768	20959.8994256257	7821.06051605441	6403.15325120801	4798.10002021934	6001.30913287354	4036.51963796495	2488.54098465842	864.407575653224	458.380130082805	0	47.6060705725395	54604	307472
43	39673.8651937019	17952.1618022201	12119.1798945362	27832.5843275311	19424.8943912253	35709.0390794576	36098.8904720684	61669.6312594944	169365.326934681	1971150.0326786	125601.96009056	65664.5935108694	46487.4040081243	38185.9502970037	15778.1024445386	18770.8204119769	17099.9072189303	17109.0076136154	18461.2489789042	12302.9265195258	22713.0252072736	7146.11856364186	5669.92451939779	6296.37905515148	4690.04158654314	4618.50705876628	2801.33899670816	1204.88836806782	997.172631323783	0	48.2668431031459	54542	305092
44	36004.2686912342	17396.8270763709	10941.2700670447	26680.3357816551	20068.4482430102	31188.1824411732	38703.5897490567	64151.4241630989	172749.712749025	1905741.41701759	139063.231754288	79105.0078986239	46142.6024577177	36701.3577683202	16401.435192488	18536.0126728076	18269.6268329826	16467.8449112035	19605.915003701	14440.2504088419	21023.3845678491	8100.26095759517	6025.82323854064	5889.03611283798	4844.0319736321	4149.6027016913	3019.8827278236	850.478863582079	491.354150600849	0	43.6887417118394	55007	314089
45	37416.8525951621	20129.682744226	11423.730567564	26060.4862609194	22040.1534962886	33762.6971482498	40195.5419060714	65307.8326568707	153521.828453218	1916321.1024474	140203.971471564	69978.2030440236	46063.9676474526	32133.1561088355	16545.9800726865	18224.0065192052	17489.4330190604	16117.4317650024	17236.8605056458	11775.5192744039	23569.7458810509	7668.47783816047	5990.97230594573	6370.09806539107	4461.69746915032	4996.33752055433	2492.05003851515	963.840500675577	954.52431977501	0	47.4188259325838	55076	312261
46	36368.5497283453	17470.7632931836	11256.0780888538	32397.9701409372	21668.7261126072	30770.8209540311	40808.8261432049	62494.3204407691	173629.010218248	1958307.99229227	144253.585879714	73098.3574116104	48164.2450352381	32266.689519685	15248.4456853731	18443.841000253	20903.2161956616	17444.9973289394	17685.8458637954	12049.7393939688	21681.0431694162	7941.21868743148	6734.75567278789	6250.95949590617	5888.13385224239	4871.45877293571	3188.70959531145	1337.16072189704	1083.07188526415	0	44.4377977564444	55033	313230
47	37005.4663079352	23053.0055943882	11177.1096671363	26306.5189558513	22565.6990463931	32546.4465101171	40879.9962415881	65263.9810195996	185736.043742092	1997332.35660506	145305.531624541	74939.3065954717	47185.4729553162	32173.2892016966	15596.6704855939	17194.3980067812	18663.3924730745	15003.6458287485	18007.6983664366	11459.0620836661	19043.3702224193	7603.20338556915	7424.58545121529	6520.9374157391	5529.86695430254	4474.46881017977	3957.53620216477	1134.04760597751	753.224510557416	0	43.0370451881269	55210	322003
48	38238.7403873573	20514.6864085397	12747.0468895081	23363.4126563056	20750.270549382	31687.0621289455	36866.6524386436	61965.9156479214	163011.591588092	1929982.10807026	138519.100016847	72298.61586304	45330.1079668481	32161.4636847892	15341.9912754721	22039.9373429066	16379.9144814725	15705.8635906274	18361.3054016328	11840.7683841987	23095.4340174285	7117.14876653891	5724.46581767292	5728.44130787763	4624.1262971925	5392.56539973941	2921.83166302859	986.72212641686	675.210303787869	0	46.3159687170115	55042	317527
49	38277.3208785345	22070.4544139504	11306.3396836553	32005.7917483437	21815.0262901393	31919.3004376211	37400.8592050723	63603.3578522012	159018.685666148	1996088.71845102	132737.739738596	69303.8358290173	43620.5190074209	31767.8505924866	16954.8254732922	18929.4181718907	16961.7749975032	14304.7335949886	18135.4619868053	13067.9201575901	25925.7742876667	6745.74487932316	6321.39287100026	6289.98652394529	5198.18844069497	4374.39403838204	2280.29554465779	1305.16122567636	501.1995474823	0	49.8623607538919	55036	311730
50	36372.4798541215	17712.7811444928	9936.15981864997	27021.6580857468	21882.1614393482	33709.7577666971	37986.0634250569	66315.2417023834	156325.477614542	1883689.29194707	133012.606078571	74183.6503720774	47074.8950202844	35528.381643569	16521.2370778884	18619.0612013279	14401.4799815114	15187.9667968142	19566.4260587849	12168.1419346029	21737.6155398745	7802.56361476198	5452.16002023292	6660.38489755438	5246.27118849297	4693.36075138761	2255.79360112123	1597.20416726189	687.632920112805	0	46.7608394938955	54760	307321
51	37142.686768915	18733.2997733539	12699.8106550011	35384.3993670924	21645.5906333972	33329.5387254967	36213.699510206	56513.0329702937	170827.263629249	1948563.88201976	133276.467584281	68270.0757622326	46967.6254336481	33655.9354762438	15536.5847844527	19616.3879282507	16721.1325887315	17198.6403414305	19256.5931918617	12642.5545588331	24287.4611925327	6937.59059368168	5695.13447014071	5193.17036307355	6143.30825751202	4810.87036354725	2528.3454592063	1680.81216884774	573.48380575401	0	46.6339086534783	54968	311278
52	37730.7320229722	21038.1932276633	11184.9251771214	26029.0883619184	20692.4170329628	29370.9333518934	39279.5401044708	68203.4325573778	171290.550123643	1984458.43053603	138683.785919054	76535.8027061926	49864.5552752411	34433.0638508429	16223.7257365842	17836.0769688034	17308.2565424005	14769.3335928585	19329.8089910594	12852.1647584102	20907.9615685033	8105.892547422	6090.30920920224	6522.00724126801	5256.34854912964	4874.92036198217	2016.39167228753	1183.99967500264	1077.87601869941	0	45.7025361196504	54884	326715
53	34450.2551737376	17219.0976491566	10194.4816285404	28747.830180151	21738.8365801691	30910.6187383439	40398.3731620468	63044.2405421769	179611.949664689	1985788.44060906	143765.088452027	70278.012338837	48512.7478069751	34553.2261636578	15709.5545726092	21569.867289452	18419.5317158666	15436.7247899476	19112.9587965853	12154.3194330018	23679.1167294951	8515.43821774148	6273.64055666906	6273.41120572339	6373.39290393207	4659.3388609154	2626.1059135102	1103.30634174439	950.58352802004	0	44.1509473202627	54711	319250
54	35049.0631617216	19860.428488383	10950.116060779	26523.4591730048	20725.8562224924	32199.2292286541	37586.8335266474	63311.9897998065	173220.693498658	2010251.01890838	136119.899384371	76573.8052371621	44057.5245546756	31938.3448900661	16484.4358184723	17861.108429001	14668.8020434017	15809.7263889611	17613.6588769828	10799.0631399975	20787.1644202835	6780.38885919838	6326.27375129633	7230.3013596629	5630.88166638931	4608.79924646587	2637.65929821074	757.287699327036	337.327976335747	0	46.2684426490253	55256	330332
55	36573.4888986318	20927.5924252544	11606.0828622005	28920.5056136603	20259.8074918663	32878.5768623638	40286.0349259338	55170.1536696307	169127.532515481	2004397.8587212	142164.999032428	78184.1566245496	48079.1276176148	33728.824735037	16854.7631390177	15669.3838771481	15403.642316323	16622.8070377575	18091.4276105892	14248.502976123	21536.6952410093	8286.00848777661	6473.06039923365	7243.35608610362	5499.65612025439	4095.32277641005	2278.48845607154	1537.65816488173	327.740203651238	0	46.4281675268153	54818	306611
56	38176.9272496442	21874.0197965423	11094.7796586059	29989.3950958555	22441.523413742	34216.1979056906	37692.6579859815	64073.6081215542	167969.305455939	1969873.0590812	133391.287825043	72867.5182017331	47959.7420385086	33587.9836496312	17942.3240394804	16912.8364100486	15285.6353614666	15661.1985910486	18051.0705826582	13054.7284625757	21070.1677294872	6799.52771648124	6596.75816463136	6058.15277051043	6558.37945348401	4899.59942413248	2942.36440554253	1148.23614006856	606.312541539267	0	47.1323669777532	55417	328527
57	37491.3814927749	19000.398487423	11539.7610598029	28318.8070637597	22493.8409733654	29744.5147812341	34864.1123986509	59712.2631484727	167071.967147013	1901110.14077476	134853.47774129	65461.8416042758	44681.2612605446	35237.6914279853	16627.6775098214	19385.6405854051	18034.5776060025	16131.7294212524	18785.72782258	9076.17194903482	20868.6435163958	6042.53264130212	5903.27843526708	5261.79413212789	4416.6147449135	3762.61344610497	1983.84797432905	1246.15586615417	636.279137870729	0	45.7115035232967	54956	310908
58	35770.5746897502	20812.4639805375	11457.1600397222	30922.8865392834	21009.3036157052	32565.508624941	33514.3613138071	56734.2109679196	157408.083756157	1953146.68169589	135284.24331378	72872.3669140199	49432.0083017779	35151.6388870757	16694.8307836221	19691.9787736369	15861.8687967058	16457.4614235703	18491.380214691	12275.2744595823	22360.7136076218	7273.74997040354	7455.41448091348	5820.15600978487	6204.12167515218	4957.97397234322	2266.30847721705	1010.7809902739	358.037396021697	0	48.6362631071282	54498	310635
59	36933.6548427786	18729.2467999877	10797.212128931	26535.0745176298	20171.8120277188	30660.7988754369	38254.3804761434	64676.2812933313	171443.903071844	2017877.19050092	141054.10807009	73766.7600209442	48762.9860892318	34274.6300452111	15384.0286046929	19210.2616086163	14898.0355999102	15374.9792041671	18318.0708893834	12517.9164618559	21457.4347072238	8261.04232354973	6565.6723460333	5621.45909389452	5503.81487466407	4921.22569505048	2750.69971283039	1067.46422250157	589.525457073408	0	46.2271658230986	54734	317879
60	37259.2549815678	20144.0651678771	11405.432342277	27717.9078793412	23081.8920113663	31393.8208097407	37905.476291436	53685.3839041432	201292.416459082	2032918.07748992	144963.356353471	79099.7935131896	48483.7553553553	33213.5303985095	15792.5222536518	19048.2087021369	14837.935153663	15426.5862582019	19336.558516865	13371.349837416	22870.8567919159	9919.01281603786	6512.96226641963	7030.10384148725	4754.14819442014	4056.71801035588	2779.36855169577	794.569132677831	861.899833546535	0	41.5081560426665	55516	325181
61	42484.7855597078	18055.3699492051	11558.2984545404	28622.1683046124	23846.346486371	30972.5223167834	37629.0625704791	55249.6284753206	150716.400160046	1904459.14242771	137780.469885222	70224.783304583	46596.7709018454	32227.7625431355	15676.0259123218	17781.970394742	18644.8849715235	16675.0497126621	19237.9735932638	11803.6662684621	21997.9579364591	7089.04908454065	6510.03597232742	6152.19044237908	6779.59453292849	4799.07305209154	2932.24933784006	1232.92899880275	289.458291055992	0	48.4291752617191	55075	314244
62	40372.0562645924	17462.7710032489	11049.4022053409	26528.5268007657	22383.2072427065	30832.7607744623	37455.3281677526	60968.5133417635	203988.410588988	2006733.20101842	137202.581154355	70483.5021560314	48323.0989524929	33668.3594134035	16434.786418089	17244.3152228008	19638.7475923471	15075.334229664	17848.9364290907	12013.2316063746	22750.0507835252	7310.0095380275	6368.82486270784	6867.3965576007	5624.77052131054	5141.16789683751	2326.18183618222	855.910073350597	297.87623707219	0	41.3496052846295	54847	308134
63	39788.5679399834	18573.9460508659	13051.265909292	26995.191453359	25211.1477721685	30070.0439944235	35664.8945272322	56158.4689576699	155702.473966856	1914371.7090491	132211.377259789	77745.618425925	46961.4861029109	37063.0110385895	16611.1913163973	20140.0644640133	15970.7696189647	15928.5388230345	18002.2433425413	13080.4934385627	22537.5819543728	7240.26080516131	6179.18650605207	5972.25995147304	4554.24305747321	4642.00251723382	2586.72457890646	842.423799426001	466.004245265675	0	48.2925979424627	54547	319385
64	39366.7076082018	18841.0845594006	11487.2874985793	31069.7631267155	20299.5319749924	33502.9941648295	36836.368204894	64353.0366993903	164129.478750712	2047374.71443836	141026.910094506	74592.4262901931	46874.6456089267	31895.637986533	17587.6211263961	17514.0290791823	15808.3596483508	17887.5687436605	19826.3804272465	12066.7443188535	23083.920953016	7473.51834275858	6608.27131085358	5677.52803171492	6103.77155424762	4155.40966213497	2399.09318276734	1162.73628673438	462.105285663308	0	48.5342115416802	54827	309270
65	39353.4499692838	18441.8013630061	12265.2211043531	35838.1905051162	21277.5860204718	33912.7993148107	42978.4444446264	65156.4932571086	184063.727025685	1923194.85488216	135056.536044965	75687.1652132609	47686.9145740733	34073.2480326954	15783.4863802988	18171.8794396494	15397.3909361447	17099.9394055282	18088.545346706	11149.751248327	21612.8841195303	8138.03986850184	5441.54431031982	6007.58240113142	4663.18515217534	5463.20502122025	2281.84899581742	2037.43840341521	308.075851893875	0	42.8128256023254	54448	307290
66	38361.5965444027	18970.5910194476	12085.3613791725	26991.8959171599	20149.8959582329	34376.8984995511	33789.8596033293	69327.0443100771	158135.235316535	1948947.7548323	127260.578944675	73606.7882166545	46071.339584734	33735.2552805258	17009.2980731037	19157.5472163446	17650.8985877349	17118.2024304887	19414.1095801198	13047.8662824229	21583.1572310384	7135.17159338507	6225.7139599543	7563.98045384774	5539.03432541197	4921.31921833547	2146.38273201489	1487.20289717353	1160.3547484416	0	49.1873225418397	54493	306937
67	37251.2745763357	17886.1709378086	11569.4274482595	22864.6917458851	21915.8754281083	31442.9477026704	43272.9232600172	63894.6048513919	154840.365050878	2007838.73498448	137815.832892664	73420.6845103332	47201.6310558361	31026.5868077758	16760.6595506809	17941.0112462031	16156.4167014727	13980.0376990879	19496.2301610241	10653.2012836519	20172.1484004348	7859.60167830597	6057.37691743216	6535.59943658496	5507.26140732306	4392.36643633841	2950.38679069855	1394.61926350887	674.803084763988	0	49.4062659457801	55200	312484
68	37101.8630776432	18487.330433695	11348.253038289	29392.1350215901	21450.873120171	31939.0008528706	36704.8508276008	61672.9876571588	160614.95125145	1899052.16256919	129552.7885338	74358.8626894211	44580.1040419563	32814.6807447132	15565.7215012584	17189.8429311263	17365.3881499829	14346.4583084108	17680.3752873899	12928.4463931466	21050.2502827485	7473.18651696486	5789.57164375038	5887.26941066786	5869.50036844327	4508.8620782647	2073.90833930991	994.045380966739	920.153496798718	0	47.0661297311434	55051	310648
69	38970.3332742816	18754.8938661596	11717.3858905059	24007.283010047	22888.8483770723	33935.601517783	41133.5265959719	68507.9219907164	167863.645966082	2007849.17810051	140794.589939362	67371.0832950548	45667.0844499883	35453.8256550952	16632.612607109	19511.8044808439	16015.2429265645	15997.6648259702	18480.791313583	11231.0167472506	20676.1462591916	6965.77423978697	6083.6167025149	5311.49412360597	5737.98870506006	5629.71760966157	2991.70537077559	1461.29969986737	878.143847393077	0	46.9988070016289	54867	325422
70	38123.4029172932	16025.0264497214	12518.3185024435	28172.6975183753	19956.4085811441	32885.4778811177	36877.8303789411	61085.4390803839	149452.420184878	1849480.40316823	131561.709804423	73211.6829937467	45476.5815166171	32629.825319202	16787.2927692582	18345.5705103777	18684.9139961048	15695.8413613422	19672.0865644142	9599.08140793038	19912.2941055001	9701.98709310888	5838.03263860064	6486.9362000182	4619.41487345416	4167.17406573435	2304.3636756855	1126.4609746634	393.393934659889	0	47.70760304288	55317	313850
71	39845.0472969749	16128.1970959445	10415.7589155711	32807.8175076004	21067.6342208553	34210.4552608952	40417.1337007997	61490.205953691	175252.253309793	1966885.17850012	139343.159484256	71857.3125997536	48328.4330603829	34257.7915379217	18042.2971734263	19138.3658739684	15723.1095715785	16061.1155758104	18730.2827825131	13060.3357678978	23670.6630145267	7139.67800917333	6251.13944821685	7377.81128183021	6073.57129618851	5251.30294064833	2217.19419954328	1560.65113765307	998.16156924531	0	45.0346771691454	55314	328231
72	39525.619963362	18947.4829368264	10635.1759114866	28330.2963724282	21723.9481583819	31064.8696477545	38960.1454016466	61514.7288864818	172769.599128564	2046296.20201891	136410.579489572	72298.7506405069	47019.4639810221	32487.50422166	15708.1895278322	22005.4021427828	19696.8240405996	16130.9035372728	18895.9574116965	12217.6006698487	21568.9174523005	6691.41427703476	7206.43584805356	6424.16013498601	5153.48684614022	5098.50917430197	2753.89748645655	1208.12995886963	1024.1346441401	0	47.8259340057335	54978	312439
73	39497.2716258198	18057.6973194498	11234.0619782308	24711.1179994176	22293.3694373149	32615.0779476859	39298.1857145105	75358.5413728981	156759.47494302	1881009.19008196	139825.808782726	75226.3677586261	46211.2093378033	36299.5539197943	16335.923479505	20288.895663744	18719.7071599881	15471.5298612697	18819.7821080179	11261.1033446547	23182.0402938484	8535.46006197768	6309.78869486908	6243.26694467279	5988.29402930582	5236.86201114954	2826.20049778254	811.413657685788	394.946429165537	0	45.3908453388314	54878	317231
74	41539.1688128732	17168.4598241813	10476.2929977887	29909.614563025	22226.2157820853	32511.9686993678	40415.5125485444	55986.5398898421	183455.661038717	1983725.04883774	144340.576078486	72283.2901265798	47124.0459785033	34677.554816119	15885.2348864132	17899.8401083485	14399.8425682483	14851.6234491897	21295.2245001597	11349.6661311381	20740.807359471	7118.45396254017	6731.44429364299	6237.00977006618	5117.13724441769	5114.62726370977	3746.83040550446	924.165965871066	675.102106639058	0	43.3837090731046	54842	305182
75	40179.6145631183	17527.573323111	11197.2333976505	28613.134603331	24473.0771410265	30817.574377926	42670.5827160612	63582.9231435762	191988.722934302	2048221.41424267	141590.589395542	77455.8986483858	45621.9700132131	30379.6757463224	17224.3125119848	18896.2105049972	15369.2976802747	17019.3577261983	17573.6253671164	12655.4234053832	21705.2958810809	8858.62874199526	7163.54472292038	7299.12806090678	5712.60575169132	4895.53098587889	2988.28314048916	754.560649830982	260.256537550123	0	43.5230965914161	55127	319549
76	41847.3815630054	17908.6522483861	11398.1039357357	27810.3993285526	22959.7577411255	34190.8979392262	44778.8339748473	65248.9565279524	167651.939314102	1965644.19859408	133061.268321293	79144.6674571562	46366.948847331	34084.6439462034	15395.9189771763	19204.3906706842	16708.9996124746	15071.8356288626	18954.8873612998	12768.30367712	23828.4409689475	8715.30420853244	6890.91415232799	5408.63576094446	4908.59782244997	5249.62080877444	3033.2125835401	1183.5433828249	886.935806980395	0	46.7135213903307	54726	306254
77	35949.2225781798	18916.914282667	13723.3696083962	26588.7769389689	21663.9514104554	31929.0351803762	39221.9467878754	55739.4115018662	170295.408114787	1972598.84814869	137684.711790396	72121.716339027	49990.4798195515	30480.9727601361	17502.8006923813	17817.1348426378	16642.2690020101	15591.5757349739	19845.0475353089	11543.125615972	19863.8672622431	7009.00687876824	6519.6320002849	5633.33617687081	6752.71484435473	5280.86368684582	2570.43291330947	1135.08782499027	836.633942426732	0	46.33240866198	55121	312934
78	37888.175512586	23046.0292605554	11459.3353290703	25149.6367232276	22317.4398450321	31749.9380547472	39041.4003739825	63865.0428307093	171042.323219428	1974879.68273086	143869.45788375	72639.9741137184	52319.2886503156	35660.3629529524	16734.1623921148	20508.9983869555	17091.4242654745	14954.2306276838	17717.3923408451	13123.5740702632	21848.4955875578	7383.79625320754	6704.85352256529	7439.4684623633	5250.88371392736	5399.33892037961	2393.13105075002	1390.40402309157	569.988884958457	0	45.3148646815402	54912	325804
79	38263.5795538987	18973.016597759	11187.351636367	28894.0747136316	20841.2546312107	31448.0764791258	39667.4273614636	54939.8427626224	171090.982859865	1886448.55035383	129835.932551392	79404.257339492	45335.4303253195	35058.3581237073	16210.851214507	19846.2170866487	19414.9875254112	15088.8304885185	19081.8964475541	13330.001538304	19919.0094016513	7002.2975768119	6045.61085356553	6041.87025842897	5524.12333509066	5834.63912360367	3667.42489994966	1272.34332673863	839.629291755655	0	44.9537540637797	55038	309380
80	39921.3195788913	17386.0178762802	12355.9713797184	28252.7664851687	21577.4110686125	31424.6094917843	41687.8020427216	59238.18423178	161647.049304747	1927697.86040582	132843.353313651	72145.3481294935	50366.6113991586	33082.6880113911	16232.430981352	18212.694799574	17011.6298135246	14787.6952004523	16073.9296042374	11749.122048188	21266.7800083162	7190.23105473573	6280.32124639405	6744.46869194194	5404.25894993588	5562.39950177637	3342.15438970775	1544.25291813646	899.109429485106	0	47.2133999854292	55076	327836
81	38422.2452916452	16621.4216857407	11736.9804139395	28313.6605855049	24545.2215491673	30586.4199555534	38359.1201895847	55089.4432119549	164958.631285116	1956552.36619943	136155.200106743	74291.3585905742	46847.8094440767	33619.5894517259	16615.8553444034	19466.8960137711	15746.1535449264	15101.041853545	18926.4156687954	10436.3488642577	22530.5600277704	8568.00077369248	6021.02218609072	6897.36540350904	4663.3876357541	3929.10571054617	2489.1918010654	1069.08414218715	236.331407068856	0	46.9539123723093	55001	309405
82	34458.7397143633	18956.7999142507	9419.99715235207	25572.940001448	22587.1890893072	31090.0850090273	41013.0494410581	62953.0163764376	172438.302175654	2020868.55182898	144813.642449003	75185.1004105324	46971.2078280336	38464.9548712082	16042.9952924304	18348.9733830406	17893.5387886173	16151.8841463131	18400.0246659969	11478.3905963499	23453.2854153541	8395.41295203737	5792.89675293184	5637.54158060384	4803.41414118399	3461.99625622927	2572.65962777446	825.786505399514	342.4376921065	0	45.7391009806528	54674	309317
83	40896.9385515606	18144.8830804821	10572.0561733575	27791.6801780423	22051.3146480427	34548.4000741381	33244.0340741754	63483.2598392647	161270.198191217	1930839.82518209	134793.326486727	75096.3798587667	46470.6434058413	33076.6834497915	18502.1211424214	18055.8387874808	14276.2738747052	15348.3484273134	18667.1009178584	13942.7747795518	21374.8756477796	6538.19205752869	5750.96271272993	6117.35985779206	6178.0044575819	4276.96324832743	2619.91899458962	1351.58874401354	355.854912508508	0	46.972808523705	54759	320325
84	35968.91460218	17453.2048712457	10854.5257135599	30571.6754276668	20843.7038484385	31407.1027770282	38377.2574923924	60092.339856938	191365.124189194	1972474.25154582	134586.471196629	76279.0460843325	47727.2392922281	31937.2612868152	15951.3517505255	18183.1471743478	17518.7045768122	14965.4256173225	20586.7951534739	11333.0124809491	22482.7239446872	7758.83546118775	7369.64484007889	5583.81545196628	6055.28609149664	4986.76615902209	2569.47029626215	977.695978888468	266.829225992504	0	42.7061292922415	55344	310681
85	37929.4187720592	18304.5127510497	13680.7434528741	28181.6655956931	20748.4220754645	31997.5702593554	39304.442776408	58753.5853268423	161563.866762606	2124353.40563912	142374.819277483	73525.2415259597	46012.783918432	29644.2882111709	15416.9180223692	18733.6848183345	19501.1683371096	15870.5467347787	17699.2334560945	12120.5967239412	23109.9387483571	6648.07668766917	5818.12068027069	6275.82187159448	5172.28256461845	4224.64157707556	2145.97336599352	1079.78303956322	1476.47682107667	0	50.8449475375253	54701	315453
86	35771.023278823	18791.7505779134	11430.3413754437	26630.9009443442	22276.7975242183	29634.9216512559	37298.4267017145	54073.4166193014	170062.269332681	1986024.08403468	135655.577487528	76596.1788767708	46321.721761758	31019.0505478303	17415.4361855137	19031.9014152769	14099.9247846412	15514.1581518261	19194.4861353101	12535.0384366398	21086.5487370942	8010.71599707085	6903.8750328483	6754.5565184166	5613.94816879728	4708.68793705856	2181.69389353856	792.912838072986	1294.12611519887	0	46.6778385037725	55355	323523
87	39973.9484539044	21074.0573213003	11378.9089439842	25834.1173152815	21671.0368917692	31122.2320189979	37558.3795725782	61176.0078106554	184714.014632236	1881730.91757384	127137.099538341	79215.8635714473	47883.924093038	36978.7962260501	14739.0509074986	18125.6266289525	16799.4945104889	13892.2879350705	18412.1759524658	12534.9596808068	21870.717832435	8832.88074231033	6764.56959328878	6077.94248400838	4415.09547716953	4066.09144590623	2641.09460679678	894.739199288223	304.105460776633	0	42.381113234673	55792	322626
88	36356.3153963136	15349.0296394886	10961.9743356923	24133.5130710847	19782.9956387583	31276.1386263953	40303.1761730117	61503.7791944979	160282.079160768	1949604.92207054	133236.418069725	74171.1043721987	46661.8386823417	34504.0829233292	18161.9606249357	17581.9756515452	15805.5470598318	16207.6522364012	18039.8609941718	12594.1476632196	21748.2911436477	8833.36936719331	5745.99941513215	6354.81869350683	6435.28787490953	5831.71866649172	2345.12952096176	1022.96140563044	708.140695975723	0	47.7106630732392	54720	312109
89	39351.9809605949	17606.4016233111	12549.3309034428	29359.3352061351	21177.5616680611	29763.7419281532	37868.9093439777	63607.2555849903	199623.735114443	2035462.64346615	135855.650296359	74366.1973019453	46322.4905071283	32071.7535433146	17625.3305600068	17941.5953742817	14712.5265049866	17456.329502276	17913.8204127769	9903.77791685889	21925.249690294	7656.78613400328	5749.64412386284	6897.95138994681	5923.48106802594	4426.45512547095	2442.81119077742	1933.29707612002	559.45479774947	0	42.5747883981042	54897	321710
90	38190.9949734006	16505.8899923649	10784.8866850692	24233.5357545412	20039.5164634101	31538.6011729482	38440.8896898765	66846.4250403607	159937.019235478	1914558.72183038	132060.451963278	74192.0607666161	47207.7237178234	33890.3344373291	17281.847317748	19241.263268124	16167.0149433112	15198.4124349061	18067.3830062824	11068.4881901515	23786.870072433	10146.2697990345	6221.60290000426	5731.47662419519	5465.68212430701	4446.47854174418	2485.89972162593	1061.72253256505	815.334716938726	0	46.8488074208371	55256	314957
91	36022.565250131	17993.4806702995	10480.4189531194	23426.9204006011	20691.24366392	32277.8786769269	36317.9220550616	65773.3148845307	158571.164265171	1955548.92817515	136271.702682359	77965.5215894013	45924.209044409	30122.031704311	15451.8433207246	17892.284857232	16053.031885892	15889.2028671189	17993.3371592512	12432.6785325358	19973.343258731	8717.59040074987	6801.72454505287	5619.84672714211	5941.91458320284	4688.25078496773	3130.10852596472	852.312930066368	623.971657270104	0	47.3045437950687	55189	307101
92	37129.6581880735	17919.0452104194	11306.0971977081	26696.1848496381	22262.8671014062	33649.2903593419	40933.3491939333	63399.4982537695	161765.165729968	1961678.59964549	136354.255259931	69466.5135509552	48022.0944411867	35252.5627473638	15399.4086943933	18540.5885504893	15804.1147664779	14969.4310333259	19617.5144249188	12775.0136995744	20788.3660672401	8436.55187690943	5682.25370810488	6151.43000980027	4027.56307941332	4254.73129576655	2385.74104458434	1792.05681797586	656.829008073363	0	47.6671143776251	54850	315568
93	36320.2224722994	17146.8106264472	10283.3794434486	24963.0309391548	22795.4971170269	32050.7686221588	34881.6695354427	62105.2694310426	173448.481784489	2091024.49265777	141015.111948567	70715.9668808083	49361.3233808325	34927.5554862363	15355.3915219189	19022.6423045733	17946.6889018673	14608.085776427	17226.8506815841	12764.5635658867	20505.8213652029	8903.2961132233	5901.28668815503	6725.75445432425	6218.92234144938	4731.45456318166	2433.83227846238	1459.89141974195	862.889683447162	0	47.7904365854746	55665	322672
94	40431.5764916259	21175.7516576017	11976.7450748013	26700.3843527673	21024.3737759025	31482.7339044188	38931.9442369412	56605.3227772219	161484.022804294	1949626.96184045	144058.070764389	71374.7483505086	47775.9075641782	33761.6385688195	14321.6059191695	19286.7279167611	16261.7567590571	15226.3492218054	18542.5699796295	12772.9022115576	22577.6329756739	9195.16064929764	6412.99226970752	5808.27189949616	4503.52944112682	4716.4153542457	3069.19292764697	828.236384614817	911.018555508032	0	46.428879650355	55127	310534
95	36808.9198525308	17371.7951039968	12178.8344030488	25084.3330994347	21327.8508136478	34982.4261946916	36208.8985213308	58492.0165069306	154835.008225387	1974600.35430828	124868.271418168	77359.0862011655	45888.8746570706	34808.1016585516	16551.6670614614	19977.0574367542	14193.8078932162	13719.3735031383	19449.5201306427	11957.4328645476	21006.8930826989	7844.12731672133	5642.16013089266	5945.32586068526	4490.00250633321	5042.96296694641	2428.48570566771	951.333023140909	1021.10698690093	0	50.738338619909	55012	311621
96	35897.3735716177	18724.2137708485	11270.0052174122	27065.425708614	22506.041200442	33984.6848852506	37557.7561697972	67226.5764553158	161759.640465322	1920093.73379748	135023.617299731	73590.1863358267	46931.4260492517	34136.2045097246	15396.1036107478	18257.047015216	13401.6301896744	15969.9562471391	19204.5508097376	12254.8027076069	22253.2428063725	8325.05066516588	6515.59588311187	7009.61423898496	5206.8504021916	4666.74020222663	2849.74910756198	768.027585912056	395.088229010149	0	46.4198405953422	55637	315493
97	40760.9489538124	21352.2204862972	11120.3188690243	30666.0639729603	20773.9050390732	34105.5647235667	36382.3600198134	57430.9658826249	163072.477480775	1903433.92114615	132670.904168707	75203.4835443887	45210.2531376738	34075.4011757734	17904.0891681936	18801.7187234921	14948.9526158398	14779.8171428019	20715.8972224827	13827.3264455585	19661.3334934696	6599.2579776973	5484.15689411927	6334.90238605974	6502.44936117764	4396.36806214975	2534.46503682569	693.923074669826	661.218280024477	0	46.6942684474132	55297	318029
98	38616.0798624839	20329.0726537539	13211.2744239569	30710.2505954982	19358.2036794752	30797.272533764	36858.7433526431	62812.7074796173	159294.043539564	1901408.91630387	130339.700874373	74562.0554605881	49488.5866558455	32944.1610873778	17840.4147247676	18924.746261037	17531.4304310996	16020.4673947793	19028.1337705999	11580.5860436721	22064.9623725742	8409.45674655703	5863.3823914287	6194.40046594388	5186.79302688522	4375.09127330215	2625.48910215211	1222.83208479742	708.517864986245	0	47.4783309862696	55287	315662
99	39241.2429713764	19249.7908167205	10825.5244760505	26043.9699894222	20692.3724928181	32753.8000135949	37692.5401126446	69241.8634869985	157859.112617962	1915833.66891053	134465.321822154	74506.5208781522	48471.8938814529	35166.1244305096	18067.2562722944	19905.8290084237	17807.560211481	15316.6081242392	20331.7552997259	12232.5372662987	23462.1842101556	7319.67591399351	6042.28438893705	6533.51633414092	4960.14329518205	4322.99745733614	2439.16091211933	1282.96067852558	286.660177698752	0	47.2386113481844	54767	306635
100	38236.3035888583	16980.6145740915	10576.4445807553	30916.4944681844	21357.1672356946	32921.0137521622	35375.7486120733	59591.8252820928	166327.160899967	1872111.94992499	137564.226580458	76912.7494911375	49032.2278751827	37506.6544499301	17138.8496248844	20108.9639178184	17604.8005550727	15702.8552642746	19852.4582929199	12101.7509881798	20948.7828689047	8584.13621227471	6088.95335671208	7152.64705239869	5068.52472026174	5237.07284498689	2491.66463635411	1109.76343221704	1156.32980027804	0	44.4036665355475	55243	324178

Average (AVG) ping-pong signature and standard deviation (DEV) per [nt] 5' overlap (last 3 columns refer to avg. ppZScore, avg. ppSequeces and avg. ppReads incl. standard deviation).
	1	2	3	4	5	6	7	8	9	10	11	12	13	14	15	16	17	18	19	20	21	22	23	24	25	26	27	28	29	30	ppZScore	ppSequences	ppReads
AVG	37966.4675596094	18531.9998445536	11417.5320666778	27786.7468299616	21619.506444315	31999.1212527067	38269.6499057532	61326.2784860903	168376.318826771	1965659.74086886	135715.261799749	72963.429529523	47106.3608916399	33595.7205755569	16426.8263448748	18707.6896016851	16595.7357408826	15731.6714555062	18760.2832464286	12209.7171611641	21850.5020565353	7820.33304640562	6238.24583329911	6266.71498337639	5512.02897310494	4712.70375804757	2648.28902849789	1163.873154664	668.824771897251	0	46.6037189240698	55031.45	316115.35
DEV	1823.73600740948	1683.63970956343	953.844481174936	2645.13162138575	1262.45761393756	1563.72635886792	2117.53478571193	4591.15700203291	12570.8747472985	53857.304942312	4605.87527406694	3357.59802085769	1871.17336114856	1894.16553740143	902.260610308301	1245.70081658842	1528.06155955675	957.53718268386	859.318578572709	1014.69751629256	1340.29398123901	803.217127310019	513.684288895494	581.413838896436	589.463231945797	510.147078480517	428.90606541616	277.017422409764	284.246723690616	0	2.32658692927183	315.885434137125	6592.88790497002


# # # # # # # # # # # # # # # # # # # # # # # # # # # # # #

