Ping-pong signatures for 100 pseudo-replicate datasets (1000000 reads each) based on sRNA-ACR-150_preproc.map (8888658 reads)
	1	2	3	4	5	6	7	8	9	10	11	12	13	14	15	16	17	18	19	20	21	22	23	24	25	26	27	28	29	30	ppZScore	ppSequences	ppReads
1	11194.113915272	17094.5103365212	10781.7663773873	9242.25823708241	19327.7568564076	21147.9015698254	36335.7173535969	36837.9392844421	109612.662532481	1348983.94793377	105950.023136626	49811.2650451513	88779.9753874682	74411.396185852	3971315.78835939	19105.323679905	19556.0960045643	15173.9410097297	12380.5839443952	13841.370093255	9356.50171055265	8250.02681033888	7286.97604506685	7035.6042617924	3457.01333506233	4860.40766287478	3087.02424472493	746.324683923158	466.505843860218	0	1.25666666884861	45581	252532
2	12019.9892994577	15270.5602282462	10474.2550968007	8989.18131688571	14358.3199102267	18301.7605017796	39492.5690044749	36320.9933437618	121991.081813177	1228634.64599947	93461.8404469185	47512.1227626826	83995.7736700172	43372.1459817408	4232074.19009877	20609.612211289	26654.8499807716	16675.5777701119	13461.0978336996	12855.7443136078	7705.93342630723	7987.65450572962	7681.01273568073	5795.2740148223	5263.13579726299	5063.55300981967	2585.73719865033	1052.62933228266	421.029704797614	0	1.03711518965315	46077	256895
3	11729.954895901	16131.1133569719	10784.1673635435	9984.58351211322	22211.789449995	19317.1584521376	39330.1169857678	38817.9318329512	82288.2724706563	1256361.76484403	91627.3087124159	57672.2951565585	102246.635056795	51023.3366098212	4137791.01886628	18401.3666431068	18535.4382039843	18226.065274234	13649.0057554723	13815.1509401236	7830.92868822062	8938.28168431678	7841.06326082034	6683.41994212532	4198.97531005076	5672.14660857188	3394.1214809355	1020.49393617525	440.778614307054	0	1.09669465416925	46344	259385
4	10552.4002253652	14357.0592571624	9026.77871953822	9468.84155535718	18477.6747707996	18486.285586809	38394.0483485228	40760.6717776521	85152.1307245232	1302307.37735556	102282.079902115	43658.2491763313	89566.2426675104	49276.575529095	3870377.09228325	16738.53144592	21063.9301599775	21263.1558377226	12001.9001819595	13273.9854972441	9170.6204854234	7690.1667489338	7696.07005002427	5876.38380352707	3356.56724014044	6334.65918487	2075.33155508376	892.890889089162	424.28932988013	0	1.24409459271614	46016	256611
5	11371.9167431386	17715.4843387199	9534.65041844773	9246.3923744922	16478.9780006661	16396.2064729534	39837.5268811122	39604.1208986084	82769.1952531968	1258434.03031671	101384.292739896	53535.6677185872	88590.6449862875	57410.9082893209	4033027.86017065	17548.5611622734	19278.8977615614	15194.8128872267	12061.325732759	12448.2723472356	8707.79656501342	8557.27191141381	9733.11235212094	6754.34437529912	4660.73932777186	4066.54669743092	2052.86542576098	833.197158768207	273.99316066559	0	1.1345546789614	45683	257471
6	10768.1895412556	19634.9392328792	9676.99348564355	10090.2671149019	16399.2216647015	20715.4384296519	38829.8057364229	36380.169409482	84021.2372208787	1243093.07599364	98713.2164650425	49404.9146228376	87226.4373110805	60209.8549781471	4446311.75304947	15537.0547826843	20074.5957166277	15554.347164686	13477.0496380445	14004.983929152	9130.25542502955	8434.38668351547	8973.78454614292	6875.12366022174	3687.96441015185	4755.06810233996	3066.77461861258	929.277669046275	351.372268920946	0	0.990737047389943	45441	270067
7	9966.51708870959	20789.6638517711	9748.63512436815	9510.71499815207	19862.8736592572	19071.8175901485	37559.7543709458	37756.6714113345	94008.6547405417	1219474.98875254	93542.0267763115	48471.8752493108	89837.925435626	46466.4313824213	3983687.40027784	15724.3347094926	27291.8345480494	12593.9495217128	14520.8803925447	13442.1912746499	8395.3722267556	8733.27549798721	8671.57127672253	6716.38343467716	3326.15606174501	5735.92395146254	3221.74957485252	828.759526279162	371.811347134388	0	1.10753637075829	45373	254177
8	11150.5942492838	15826.547503973	10197.5611868391	9291.15035735504	14969.3972441587	18738.8759756755	37084.3066793651	36013.1060147725	81721.9781186869	1191228.58164425	90062.0331407714	51586.1151217733	87288.9739326696	48538.3373008066	4080899.47686632	15792.2008596651	18177.4893278936	17174.6466514672	12410.0573539076	13304.0350046444	11485.2140057824	7360.61345365198	9367.51870929508	7577.23741749417	4394.44929054777	5669.93482716166	3178.77417847573	963.417926287785	319.269069112866	0	1.04545179521742	45471	259722
9	10818.6510940721	13010.108578007	9843.67297444457	9080.8164284711	16467.7465071533	17264.0360316262	36124.9744929705	36217.0150537511	93458.5307541784	1197534.89128763	92018.7394589154	41707.2029148339	91718.7557526591	54889.7045070792	4267342.24384024	16802.536894114	20027.2281102686	21235.2128718043	13014.2150056177	12847.0151027533	9242.74547426228	7478.89233275394	7258.16554702873	6171.29002645341	5027.37271062642	5155.48516929966	2034.21182686455	1256.81067061415	329.957335308789	0	0.994962756583412	45539	258283
10	17188.2178535478	15767.6793261852	9672.07373958786	8501.35016891715	13493.1624051325	18257.5484006908	38860.3972582925	38372.5807006661	57760.566160712	1234455.54445882	99720.8751450166	43604.2905740334	84621.3531121229	55615.4657731467	4097256.04755335	15199.4491093608	21133.8271908879	17921.5953639519	12946.9712276052	12644.4260805541	7656.83834950258	7675.13304556323	9043.77957112428	6004.85627249886	3923.21192977475	5099.65452133885	3312.70862770415	1260.32266445515	387.875391325466	0	1.08828800496462	45632	252445
11	12244.6221528653	14584.2679155386	9874.15171919475	9884.04956514255	18538.833594118	18883.7977690831	38695.7898255299	35860.4009909897	120140.607424114	1273858.38821497	111386.483201395	49531.6324321031	88310.1977301282	58485.3833173771	4185946.11670386	18833.4653246309	19601.0762165065	20891.6840367775	18831.7486321086	13489.2855686015	8965.82229579834	6727.73739969623	9344.08639250939	6369.26035978498	3685.90425737834	4376.27510708422	2183.34060516851	1151.48624284364	244.764327772437	0	1.09814813773889	45785	256256
12	11967.1076774892	13712.6846970428	10978.3855626355	9189.9805539555	14780.7008274022	16868.840146474	41598.6624269473	37116.6612924476	89110.2434259189	1241252.37526285	96466.2160147071	56093.5543027291	96813.2133338886	73080.0458911777	4306963.10870407	17289.3883289723	24955.1892464335	13356.2241768097	19355.6634514079	15027.6367311489	9376.18395146958	8408.38158914873	8278.85675373437	7286.12203841569	3921.4748148094	5290.18943851984	2877.27013277912	1074.19423130776	407.064984797575	0	1.02716107738968	45625	255252
13	12434.4029736025	13336.386504318	9234.55296562353	9151.90178333277	16141.5078043821	15611.257376951	39857.7201676186	39719.2871917969	109305.945633156	1230485.82287698	93811.9309549058	46782.9180671284	89022.7780589145	55623.8843353051	4179288.22937956	13821.0211617025	21689.5301859688	15971.0041564583	21066.2204001253	14226.4134375055	8328.76914014197	8502.16483672852	8541.28255390564	6610.44674797532	4325.47892526069	5194.81664644902	2967.11125035702	1138.35230489642	410.949873430892	0	1.05529960682438	45337	251853
14	12077.0317750462	16010.1647177649	9444.89600442358	9198.66052756106	15091.3581347461	19356.5902852713	37602.7482254636	34994.8775788546	98446.2152062552	1229659.52963088	93303.3325719711	47442.903903429	82476.7296570649	64214.6665883512	4047476.36772226	18862.3671238454	26277.061322331	18337.161800667	11963.3235945467	11636.0004977349	8654.26684789481	7235.23858017454	7601.74810439135	6627.46812676571	4472.7567298284	5009.91949437808	2099.28728782283	988.189933256646	248.575103294556	0	1.09725711483908	45915	255895
15	9482.09609611053	14913.1628716125	10153.0125866132	10211.8270601287	19169.8088647682	20168.6060522371	41000.8154101296	34907.8855447782	96486.55462744	1279131.37994297	99783.4162273982	50632.6329779409	88201.7322061317	62875.9691561805	3886645.36836636	16788.4228345455	21537.3978738789	19711.8652332615	13576.2577960486	12117.1619149013	8416.61704237064	8112.20363263572	9267.85122054686	6458.61191877579	3397.58076822534	5939.68231405866	2449.24002219974	675.324732250708	386.198743796924	0	1.20964463037757	45242	255868
16	12329.3987342567	17182.2257880455	9956.69392899666	9399.1818669666	17619.8564626533	21206.5299470785	35947.3002573234	36257.6528721637	88533.7929035505	1305109.42200111	100226.072595414	38782.2462784282	85913.8838507716	61251.1337968176	4126101.53720264	15141.4396526751	22060.5931960623	17252.0716305183	19632.1083981898	14196.959839968	9238.92369114777	8742.93796497617	7705.6406769561	8346.02123087971	4064.71443403511	5092.7540091423	3568.49231338907	919.439669699366	408.104028883922	0	1.1543968972447	45384	248216
17	11995.0333194825	14938.7330630847	9680.69542874781	9371.52123678759	17250.1588965587	19690.7429993065	41212.4075577102	36941.4622326922	93398.223637586	1218379.22615414	93547.6966060925	49575.2790511398	87501.2726971316	61492.1236203583	4175542.96596506	15659.2440838004	19875.3410080372	15133.3338590384	13310.1971548348	12599.1176981764	9380.53865840851	7543.22560519415	8933.58417036472	7404.00465311043	4609.3147352958	5267.48509372314	2362.72804654612	820.613148628895	363.343299645197	0	1.04402270041256	45511	254685
18	8762.83149317706	14581.6968571077	10453.7659342325	8729.47609499334	14739.5103554231	17049.2889465709	35357.6713582327	36135.6289928705	99528.2465479552	1246294.7137385	94862.0563973091	47309.8918139272	85298.5750044381	55038.2600471044	3832906.59417234	16162.9961789788	19668.2762305566	13403.4535919464	20028.4415895717	14493.421198859	8995.68851407816	8067.02333025915	7732.37831741613	6607.36672505218	4898.67660118736	5654.80727254124	2731.96822229502	1105.67258913546	281.491434589901	0	1.19274744270998	46028	271344
19	8502.35788628521	14362.4154652339	9245.08349902317	10694.9792538744	15898.5070027438	17497.2898596931	35135.0468680032	36260.0741949614	84983.9858972393	1202079.49443779	91397.402317506	48715.7948383519	97501.4851586766	61244.1756870355	4306871.83991813	15715.1524347432	21663.9846893539	15307.309932536	13314.7037974059	14524.1088017322	10195.1317396728	7802.68981814381	7769.47354059063	6729.9151753797	3874.96626501051	4838.86883946228	3718.26949494603	995.812610989598	242.431753741303	0	0.988110936608452	46001	260305
20	12671.7877437994	15200.0691511385	9067.99749694028	8806.03993592831	16762.8898982896	19058.4449861998	41274.3600410505	32509.964657524	78668.8877027103	1255167.13988888	97115.4081646914	60872.9160761101	90990.5585262751	55161.8713583662	4482907.07630205	16585.8451029667	23871.6393665978	18755.0304616932	15503.0426982988	12428.1150994667	10237.1393092222	8495.93430027514	7818.56131795995	7402.29841271868	3754.07290936454	4579.34806580275	2804.90913561922	907.257039714478	278.102778241947	0	0.99262160913091	45191	253901
21	12321.6190254985	16359.3042239542	9839.51683075681	9352.96077648278	17685.4893079418	19294.7169829168	38117.1228025592	37246.9418467266	110316.06820701	1167434.78553817	93188.1538255306	50611.7699008232	82819.6034099029	63995.4333255527	3973430.33188392	25965.7651541485	18588.5839526459	17721.5666727123	13450.6951007383	11971.4554158951	10069.6187212985	8365.84722336221	7484.19056400534	6071.7176618687	3687.98045623298	5226.95513840254	2717.98543154541	758.167473111938	289.458538275512	0	1.05052807311416	45629	255012
22	11146.3754392168	15905.384764552	9706.00525283526	10005.2262739702	17386.4093811947	16860.5411714162	39094.9490958511	36401.3366267453	94044.1675908964	1230126.29759352	98438.8333084868	42197.2629383581	85236.1850853699	46950.8284329216	4215069.81823858	20206.1202597996	21814.7169132637	26092.1808531	13578.8797635552	14811.5609048749	8742.05167809507	8085.9205580647	7707.25048977898	5763.36754745293	3791.61507100541	5831.60828030609	2658.02886683788	868.725730222906	473.364352560037	0	1.04467894917884	45226	250975
23	14266.4698159304	18152.4475058568	9403.22076308899	10118.5559775529	19140.2934128203	17900.5165494543	40494.9940363138	35242.6265677088	62445.8235648206	1221792.67547877	110485.364445032	44897.2153355941	89947.4254753735	79286.4413250549	4068768.64170487	14781.9092053782	24549.490893144	15433.0639453232	11857.8125044485	11308.9281250425	9427.33573621756	7664.52390020714	6278.9414640283	5408.72220989087	4728.6851803861	5123.59084578439	2359.47078661539	963.31638389782	408.617841233271	0	1.08133888948211	45600	255239
24	11720.0448725895	16379.9234991422	10607.4409159843	8694.06049410348	16197.3929129534	20029.431563585	39545.1804819851	36580.9566456394	86574.7396427083	1224266.36421321	101158.445349652	49006.3250405088	89909.3601169497	51141.9172638724	4189966.78967339	15896.1968820507	21452.5959996712	34912.4664513496	13420.5873619823	11548.2921388239	9751.30720850934	8504.38816943366	7590.82349111658	7623.69949083236	3981.17717526937	4548.54557237038	2483.56513142815	971.391147321263	295.867139979074	0	1.04544468016866	45633	256103
25	10671.0878703323	16276.7973566479	10350.5561666478	9938.57938207339	16685.2627405298	19357.5209980304	34658.475182283	35191.1051449549	104252.496880712	1198692.05564049	92573.0887525101	48827.067660999	89153.717173811	48049.5125961735	4132201.81846737	16396.9458630738	21420.0746606183	17229.0996445702	12674.2319901365	13521.8198354743	7888.37294493522	7087.51704154543	7500.56313674916	6222.23822953126	3930.88849838998	4908.07475526747	3006.76265420073	960.397950208886	479.115480442481	0	1.03627748917025	46166	254334
26	10541.2257036378	12816.3015321541	10256.6576153537	8692.00393936419	13869.4564729221	17951.8076359872	36632.7167600667	34049.9456613921	81854.55920585	1277964.63338167	97493.3508407389	45086.8284926629	92748.8546754582	59231.2241159374	4287330.13085738	17582.1533533205	32740.5820296621	15376.3938119778	12092.070186815	12149.8694369724	9402.85890870671	7246.38320092906	7463.54227752833	6028.41053957474	3622.97147410256	5053.24624244096	3059.82996879636	1121.62360803133	267.826878050948	0	1.07363691059037	45049	247592
27	10494.6460843114	15155.4341718297	9197.87073715082	8176.261329635	16804.479990161	16644.326384852	39331.8200578701	37842.1438991566	80542.1429001084	1267230.37069947	98452.6791672407	56298.5898152255	86889.8413896061	59760.0996484554	4187417.06568256	18074.8104130421	20461.2411411204	16431.3034704624	13447.1021575569	14277.7320214786	7974.08396596239	8822.83445011319	5969.03530639475	7009.55752282018	3625.31787484841	5506.03104221659	3361.82330247967	1304.52929982873	451.498049082754	0	1.09324990682699	45530	255476
28	13595.2584193547	17188.0279248458	9577.4903993983	8658.67665067015	13766.2166807646	19134.8340395675	37607.5532967417	38638.5672290496	64917.400053505	1282370.56756529	96737.5904517441	51111.241212472	95637.7332275788	61701.9276817116	4381151.26132137	17500.5312660867	19859.3569025001	18742.9537328751	12285.5664586361	11878.5255566943	8439.08149744368	7740.86396103272	8044.85516447645	5969.17371495629	4846.15765499216	5749.99034367171	3492.72069612242	1090.56719466596	395.383538216157	0	1.05007275817733	45378	255252
29	10243.4703173755	16056.0820640878	9250.73090559663	9037.69321670859	17468.295017337	19181.0626837967	36187.7651713258	39598.6628560513	96345.6511017452	1267333.83335907	101118.36940093	54225.206062974	79742.2328632554	72657.8386998722	4046849.78670712	16553.2478960454	20347.9414471887	15692.8867161776	27924.7135538174	12022.8615804132	8908.37431182123	7338.07203622654	7823.39117848034	6138.00893345835	4571.46668903036	5364.95932156735	2206.32557413806	1256.87225504548	439.310277276423	0	1.13830099866874	45418	254820
30	13051.5030897568	14248.7201175228	11313.47287154	8729.88082124278	18008.3675827944	18450.0590221367	41286.1531731033	34867.9093701723	85154.7680801336	1261143.62678129	98405.3624396751	69353.67437054	96497.4411602406	45800.7829680895	4124901.12132861	18863.6915947396	21238.1441444237	14432.1498458582	13902.8000723555	12502.7187978979	8343.82769654437	7493.77986527782	7993.05614512498	8290.16594904483	5323.99798235215	5666.90946179915	2963.06719378182	750.444737281642	324.578323018034	0	1.10606984278099	46311	261578
31	12074.3716163539	14153.3154629747	9436.27664262809	9677.77379077709	13971.3312129477	17457.2748856905	41712.350932866	43022.8091408858	98427.8670551196	1273533.39637548	98527.5388524304	45583.3459181216	86660.5219971018	52710.7628097928	4260208.0554196	15113.4558306276	20209.3009847584	17370.4446876361	21079.63005225	11792.334114885	9455.28159184228	8875.23069714963	8170.75288934222	6238.56167382765	3933.60004468658	6886.79739549095	2242.80639457606	1121.71295774413	389.754215504459	0	1.07656817112297	45539	254995
32	11146.2367082246	16937.8534493785	8872.14633283084	8726.21976612488	20135.8648011187	20523.8687535504	38073.9827495123	37745.0209135566	70084.6673879244	1249710.91067157	98839.3380620815	58622.2540084523	86685.6457482322	75138.7034563017	4157432.77684472	16367.8163201672	22835.8366647505	15635.4571245194	12918.5499154608	12654.7139219365	9007.20971916368	8699.70681390419	7287.6647638864	7569.35047410458	3670.8113017264	4344.6864539049	2842.77529456232	766.32980957649	315.246264214942	0	1.08330281717987	45713	259289
33	16308.6766125262	16245.2149262912	10312.4182497114	9184.33195937738	19209.1604234239	16605.5790949854	34828.1298416496	37283.1519755313	80198.0092202741	1158168.66720657	97340.625227639	43975.257327835	87788.3572720618	46559.5537087733	4108459.30688724	22705.5607286613	18173.6923664018	16145.9359785318	27548.1337815047	11832.3737437104	9444.31342672091	7947.06756954778	7733.29955605031	6270.18245237932	4088.73014190838	5622.45012847233	3203.8369738503	1073.43971808924	314.709259999441	0	0.999480931413199	45168	249903
34	12021.9318866023	16156.82888853	10805.1142753244	8795.27877030645	17783.7965428001	17969.6805776222	40961.5715614492	35384.6758347813	106819.939415915	1220898.12207504	103315.025033469	48026.5567883347	88884.5576531243	77727.2877046857	4100983.1723957	15730.0317895111	19693.2463148958	17641.8183524536	15284.2649336383	13306.3701652332	8297.06606073056	8178.02781873804	8272.50162507619	5999.00686411506	3995.10000009785	5658.75888066489	2880.64416860517	941.316737729124	342.463114385092	0	1.06823658152591	45482	253200
35	14851.560562478	14342.7373025128	8901.78692993252	8894.15514625931	15645.4036645792	17646.120358952	37697.6318138005	37841.4539679961	101981.113161478	1303929.86695519	104794.1451531	43807.9975785073	92995.6262751004	53849.6508280921	4100805.94728409	17907.9948699171	21282.4769012175	23409.0412224752	12170.6446238816	13409.1316640812	8711.33842497146	7863.99409091974	6392.30471775743	6878.0965212112	4514.01563195076	6093.0010206845	1825.11110388274	1076.9325090253	274.982555052156	0	1.16084479445548	45583	254568
36	10441.6321833962	15831.6378218675	9977.84699186803	8068.91553671317	19722.8331025894	16189.9195420979	37738.7719129508	37977.4755768799	72195.3666612429	1212335.8488061	97644.9343055719	56884.1711472932	81125.3756433044	60791.0959042344	3773894.49371014	25522.3617012465	18011.7319182661	17451.749062061	11706.7657256555	16388.3965857861	8485.68749892378	7734.22024759989	9010.74237678459	6562.26211847068	4293.01711299159	5374.44048027998	1945.84793404972	793.324088430099	499.036566357178	0	1.17464283930994	45787	255667
37	12973.4975894573	16785.522902176	10531.2232451021	7940.89093706191	15895.5322057279	18862.2499780509	34178.646792697	34428.6784356719	75921.8380706663	1288161.40337488	110006.521450124	55918.0965232623	91066.4454583095	67614.3947628275	4439659.15893398	20142.0807614872	27362.8095373369	20247.0722019827	28035.8005701978	13667.8352080618	8451.86613589776	8129.51891922542	9521.59610278311	7010.98980969334	3623.25848532212	4520.30142908078	2560.37530337381	1478.10232917725	347.167871870703	0	1.03670398955946	45636	264032
38	11014.6731113289	14201.6991516443	9480.43512036257	7958.19743126953	15141.9486523333	18162.1716374124	35532.450688368	37603.1307693015	78334.8571421321	1183263.45620337	92077.6533530484	55613.5766043563	90737.4406107825	48639.8201848425	4069481.59277124	21910.1078888193	21801.3614352495	14972.2562345237	11481.0074373511	13856.2830043281	8876.47787595055	7685.54281441591	7773.95267972781	6840.33376767986	4240.60011138651	4260.31010857654	3492.97561267437	942.862962285144	379.015840947104	0	1.03981912982578	45797	254815
39	12731.0852920497	20413.8353867758	9156.80322737346	8346.74290210779	19957.6407643223	19681.7825389928	39024.620052217	39269.7144540919	61007.5270879848	1217934.27686708	108649.737959927	45195.3111286972	82365.1486560321	56944.4551781577	4111016.33857152	15678.9130927121	18574.8181928594	20780.1276295293	12930.1887849732	12648.3187413464	8810.59576634576	8643.7227317317	10218.6570397225	6015.74545085459	4567.54119531217	4323.38169685377	2783.75972274408	872.930576867286	445.536732464523	0	1.06469885340503	45345	252850
40	14631.9823950741	13809.3086577094	10753.1648916634	9488.96845541216	15483.4268812254	17172.2178200869	33734.5638047694	35707.3845502235	95434.4522759468	1261197.18133056	101178.296333012	50929.5717921099	96692.2024059572	66463.0122755306	4069421.0514963	17580.8662738828	20294.0491853492	17235.0434574904	12858.6805948597	14812.3106353311	9428.60723251395	7440.11028936629	10523.1686783384	7653.23168506649	5092.31229534771	5842.09210308592	3360.08260063011	982.242097283403	340.670975319268	0	1.12416373950778	45486	256441
41	12363.478473851	16588.7953373783	9685.38045438884	7936.17840374149	18168.9695782535	19579.6570984157	36641.8384017778	38401.1358555002	95696.9926899953	1207385.40961268	92288.2765222707	57144.9120256318	83804.8345958534	54385.6368654515	3965094.61188925	16879.5303848401	21996.9267331532	19859.5585015011	20280.6227129056	11353.8904530428	10506.4110716323	6444.09097721202	7705.97421680276	5413.5488177393	4382.29648047953	4665.61867340215	2891.6612103892	781.275509434027	343.888212574882	0	1.09955136645685	45820	258212
42	14942.4123731595	14424.6844510565	9441.17406344611	10088.0451985054	14420.0292251851	18313.7379121285	35540.6492461704	35019.7375015456	86666.820116558	1260256.79578183	99957.7502315774	51131.3120184384	91167.9832747683	69621.6497242511	4079054.83791443	16479.1350950424	28301.0256962309	16383.1083038534	19423.4059809001	12929.0001129606	8001.68407139021	7955.97110910951	8919.7246624291	6084.88425021989	5923.13115833379	5206.04693123444	2247.59606357382	979.802520946685	338.561171000419	0	1.11995312404153	45416	258025
43	10268.0918656124	16818.4544536964	9792.14933882398	9335.26633037245	16711.2333158547	19019.380784198	33577.8387884836	35518.7790293442	70956.4237877758	1288030.02567487	105868.506211356	60503.0654168548	84759.0868250872	54992.9216549105	4082733.65550505	24780.1764431013	19603.5761250738	25430.9312698281	12838.799731221	11831.472900984	9664.86825859128	7783.40375295129	7809.68633806606	6803.81124157859	4195.55714628826	6138.51082351092	2634.52138593183	1214.81533773128	429.542558176792	0	1.15041905197846	46136	259924
44	10869.9772073614	18205.0158306671	10321.1810224611	9571.79581170645	17122.0675604306	17894.2858697663	33470.4849038395	35548.7760916109	82892.4959543385	1163734.50505135	97875.4580906242	48459.0936475021	86356.0137349134	44704.7754827835	3854513.59094934	18884.764453086	23540.8536130619	15176.0336524042	11913.0089211897	13387.0355055919	7968.41214523838	8343.65608432494	8219.30889420529	6575.91510583828	4198.33176715113	6026.5137722971	3133.91137666165	755.13317420008	362.127620502425	0	1.08874307058815	45818	254627
45	13288.4251160266	14485.9574874697	9711.42813938713	9153.3296671251	16606.1591082672	18618.9366445558	44515.2186517487	35636.1265772635	102683.180964159	1283208.76628788	105501.919388545	56649.7771582673	86584.9493814956	52420.5448588065	3929350.26440008	14696.0991352929	20705.7687688229	19275.9516909705	19085.4021294537	12401.3791932832	8842.24600241819	8208.44943622727	9464.35234583444	6575.97613169529	4498.87791525332	5747.14995277147	3361.98246733065	836.892658857863	308.473838790695	0	1.19800126302042	45893	260769
46	12905.6020027743	14568.4151866288	9271.01179306674	8874.0303549842	17906.7314800895	18319.0399356493	36373.2699398177	35212.0129457504	98286.4389899484	1227757.253508	97289.1464661993	47834.3328874721	88233.4806620552	44775.1600235448	4298101.78255383	13788.1251097921	24972.2324508593	23749.9266036195	12195.4060930357	13531.009378255	9487.03551798427	9094.07810675505	7728.3422633029	8148.67823309453	4082.7083067898	6263.44695984899	2352.54028669355	903.139826349695	303.198708284355	0	1.01732097613835	45634	256044
47	11093.8652493072	19121.4259306464	9894.78371617444	7996.00335186151	17780.4527317359	21118.4162933926	38378.1308374059	37680.0385665021	97202.1038618605	1254076.23518327	107683.091219156	55282.9993538982	89746.609278699	66623.2397727029	3989095.55774192	13509.2206919916	20364.9582814276	17959.0145304113	19105.5513832435	12209.3561472684	7365.64211538865	7547.91872857196	8555.65991393066	7297.78752313837	4191.83300050938	4841.54343542272	4099.61173043752	980.244042270407	274.574909892072	0	1.14288508055826	45742	255503
48	13639.3425283531	14816.6928171996	9820.76529826004	8589.08291688323	15692.7086084223	17435.4719838068	36829.9353796094	39961.6804846579	75794.0400937835	1318756.76373658	105089.098874383	56891.6901436534	93234.8387990987	51515.0755400184	4093965.98068408	14918.4690836244	18429.2991321854	32556.0058261688	12621.2398357142	10477.6618109585	9630.18201694049	8053.42371116233	8530.89400675825	7257.71605992651	4006.29056553053	4958.91470370083	2809.57952741319	833.194650692719	357.889779178505	0	1.18018196476324	45596	261625
49	9552.65739732276	15015.914791535	9736.01182419027	9270.70630370966	19342.6313879626	15646.8761446503	37180.836641652	36361.0886220458	109781.785675813	1262571.80842022	98205.1037843414	54021.9975573192	90662.904997848	55360.0624042521	4280391.79012525	18403.2718766262	25354.4793530957	17348.5566357076	19552.0449660828	11608.5665653181	9383.25079454685	8465.59021135187	6926.04366785883	6458.29417611838	3925.08160438398	5406.24938431161	2221.67924636489	742.046594670462	382.02700313092	0	1.05774085716934	45386	255253
50	12057.5397232888	17694.1064722914	10863.4233459365	7839.51883942928	15435.4333464323	16734.3774419454	36669.715196252	34549.8214060274	96480.260087716	1283784.63942048	98718.2760894771	45041.6003194552	89152.6478202095	67211.7418667893	4261828.63155087	17139.9375146236	20980.3358571924	16907.865994931	13533.2215054542	13142.1064507039	9184.08398621647	7225.56915397538	6768.98487675556	6998.51067112229	3327.30000243196	4537.86293621855	2286.37012535231	1211.43197562146	267.565168898759	0	1.08685260335591	45843	265041
51	12458.3579195973	14946.5879733292	9218.97607641816	8586.50826369725	19503.8700630137	17560.7105146201	38829.3595200753	35104.7889121699	71861.3392717408	1193886.09900475	86686.2128946785	48452.094082426	83645.0704639253	54223.9430171972	4159935.65113045	20074.1454319412	22471.8276167918	24374.1208739998	11499.9940420017	12627.9886107871	9843.7537886324	8132.6362110956	6505.68535299823	6426.69042057892	4743.81313305925	4106.31913604544	2590.09375297285	1040.50328249121	382.689972649786	0	1.02375749153985	45368	259105
52	9299.29853197104	15246.7436390701	9619.53507459881	10084.0972181385	17448.8747964262	17311.7047404729	42768.7537384895	37025.6377630477	71175.326460087	1294030.00621827	98519.2609272584	42173.6258964844	82185.8179189413	45310.1535753497	3971686.05792962	17266.548706239	19007.8732442077	15033.9897227225	12903.7650203386	13673.5331085027	10211.9371512333	8055.19782103903	8576.70972061427	6816.18581904756	5632.2413077748	6024.17470903329	3089.12816735509	1169.93386776373	313.844260022639	0	1.19836912028495	45863	257446
53	10279.1344198629	18479.9121438588	9859.20038960782	9758.12821779047	17141.1957103845	16917.5895730757	36853.7029097538	34749.5837214879	95711.8971369172	1207370.25403079	84690.508668958	41579.1125953748	85402.3461543712	48742.6032698016	4055506.43686019	16081.4772461134	23493.2344198263	19262.139494896	19403.2975831629	13038.491378763	9291.93364592463	7664.12664935187	7485.8075601128	6615.38457597269	4662.4218593066	5090.40403384414	2207.78640275778	1050.59377380772	384.178296969189	0	1.07096408140374	45354	249987
54	14123.1514018399	20280.0162126537	9482.33584767549	10027.1354606136	18496.2746788727	20637.1211415448	36068.1115661943	36981.1387364992	67032.4137084237	1243628.55282382	94971.4154999256	52422.1618333733	89269.4492200271	67411.3005839154	3858467.08693744	15001.3794710009	20200.0952238019	18047.2210713639	18530.9797709586	11971.0915403338	8469.33844220881	8034.62466883323	7984.80212135783	6406.34811701808	5076.08028041784	4742.83420001916	2729.94352660883	975.846251288429	329.413439813557	0	1.17978537657944	45291	251439
55	10762.530214343	14829.7767934498	8521.36913514322	9316.26387606932	16213.451177408	15735.6737441656	39027.2019753442	37692.0978647812	91278.8999630252	1291832.77596273	115069.054121266	38860.3723319713	86816.1900124987	49610.8544547277	4078878.74213754	30774.8169671299	23595.9903259511	20003.2038773373	26372.9987636601	12556.5836299781	9691.85125473911	7101.23258091386	7672.35825712668	7552.62435470235	3510.55336416981	5177.8108317095	3183.93760432368	892.543493895073	370.059057142181	0	1.15482270769313	45884	259682
56	11819.3787983454	15352.877695835	10624.7500660683	9627.02187364032	18873.8219088399	16027.1198908702	37971.2519295614	41019.4789982961	75855.2582963647	1160539.58783865	93172.4035197855	45182.7728322139	84810.9326207468	45959.5803359387	4381834.96452991	16272.3886529849	17904.6660383469	21996.4065189872	13974.9479021892	11756.0583511201	9429.7162851589	7949.17091371082	8147.03816469505	6202.33728430508	4502.0581964929	5100.85508184687	2451.19478643937	1026.88853836473	364.488456670764	0	0.925344039939946	45454	260713
57	12715.0429834088	15675.3867762337	9646.49784760787	9341.60463107163	15939.9221004616	18929.959479094	35915.2793251513	36580.7784384134	124190.955051381	1310906.93599424	120288.713311806	55761.3377405235	91196.246336828	71807.0651428168	4263658.81821089	25499.6438802607	25790.3062801428	16178.8008746565	21358.1254924575	12584.5552936286	9889.36450441962	8056.58735488017	6116.15023674485	6140.20065465633	4694.18286216289	4226.08309005417	2034.94271833188	722.111073525259	430.943606701652	0	1.11108413050523	45890	258361
58	7636.9754620259	16078.6387959351	10095.0375093581	8427.25556951243	17503.7205234175	19737.0689438814	36114.2929519166	41061.5934275614	112188.166296784	1231728.05567747	95018.773015803	46050.5475244881	91141.0192147644	43358.429212891	4152881.67641444	17468.8928463188	21323.1901238246	14542.0255749102	19038.4243477655	12656.4438494152	9858.44054859556	7101.83774228742	8196.43322253188	7312.236448381	4847.1544808672	5783.79706311972	2434.49365033418	807.266868566384	512.224908780709	0	1.0652233636578	46174	258493
59	13479.6161045679	11635.202489629	10991.2541151852	7954.57234917856	18364.6144749681	18704.2174508999	35325.0065539749	37317.8323789875	109561.703865563	1223774.83691844	96925.8999125118	46163.4389148102	92552.3264711182	41816.7503368677	4121868.93859953	17725.6617878661	20802.8305236879	16357.025376112	27579.4517633684	12249.4642870621	9238.94160898691	8709.9722885602	7685.44860295853	6460.12782094811	4863.51006749205	4829.41392287984	3337.33752850053	1051.51156469901	324.641145686168	0	1.06612743999392	45070	264361
60	13721.502951257	13074.2737445899	9175.97896631642	7962.44549096697	18139.4146553729	16780.6353992242	37120.4693128119	37241.5672529447	97972.2287490692	1181400.48913099	90489.7950712425	49340.4222141102	89442.0425857567	53834.3061497223	4099397.29098149	13193.6177897694	27726.4549389937	23701.7100715452	12562.848498689	11958.0942428311	9158.83562862169	9086.7867841614	7973.89067986063	6299.31517080735	4307.06948939093	5260.97259030963	3502.50008240739	1131.61334055564	345.031665668228	0	1.02724465100884	45214	249870
61	8280.16817749887	13759.6892253256	9668.02954393392	8529.14651304889	17023.6373598805	17971.8201907431	37304.5766666364	36297.349403253	62577.4481570609	1207561.47350967	92992.4443599348	49056.9932464848	98066.7832685847	52587.3616641602	4254411.29483009	28027.9367861124	20034.5536843749	17010.3969631374	11948.8990330749	11181.4536008045	8316.85202829389	7503.22732678027	8401.47251919433	7332.71438908488	3400.98583192804	5075.67848289513	2848.80918589801	1291.00334044089	346.506318764928	0	1.01001985643785	44776	249725
62	14468.0030073358	15620.7802034083	10504.3546820523	8887.75474944863	15227.9835553342	15451.5684724641	38159.8733973789	37319.2994867461	70498.0121549173	1253044.22633448	96451.3922018439	44772.7497611418	98579.5237338396	40525.2585517274	4481915.79418469	16753.1091532719	18956.4812970325	15488.3845875479	13585.5658473535	12112.9762168926	9203.28693455559	8350.40982710598	8717.93218761928	7581.55711155617	4427.50188139566	3926.58677275443	2097.30799057258	815.652047761344	514.260052479214	0	0.992475740217858	45504	255834
63	12471.4389350111	14619.3706882806	9854.71163360471	9721.50501214914	17182.9660727413	18605.0724077249	40027.1895406493	36920.4231987662	111312.05249666	1238975.11767333	102513.878936109	42881.6184856573	85687.3770743861	53557.73299618	4327704.48043136	20478.7394280046	20298.5095418414	14075.9173418109	19924.843397393	14626.4357681901	9934.57158032102	8115.96730831107	7621.51004254334	6257.30686477818	3245.37801004934	5885.76385227106	2890.68930513777	718.596428219017	301.601943985263	0	1.01920761617323	45182	250498
64	13571.03007904	16069.5608842815	9107.25270967854	9745.43442185051	16053.9751431909	18068.0173424316	35467.2126901065	35638.6456441629	75778.6486700479	1328603.94262366	106093.704302767	45403.1057330866	89099.9550240979	50941.7306302069	4010229.32822037	21213.4134444362	19376.8680150098	17324.0712938062	19870.2612273113	12436.3560410145	9091.21147142268	7287.65135213992	8830.30970815131	6864.58861601181	3921.70638005189	5149.35423844884	2426.55994455321	882.14214428057	382.026098173382	0	1.22183322315963	45813	253228
65	11001.1886136993	15487.4928842482	9481.03819239273	10258.5590092329	18698.5407687918	21256.7010951334	38743.1449631684	34808.2337782013	70713.3947954526	1225951.2348688	101466.327096281	41532.474417204	84657.0029952594	49010.3567273309	3977632.2891411	15235.43956025	18868.5791017938	15917.6927933873	12419.5654390463	11270.3729602463	10208.6377515024	6787.93305340699	8698.1886274975	7417.92589656125	3352.67791074346	4104.3773720935	2151.38423121336	974.693395478806	330.894237808957	0	1.11874083025681	45177	249507
66	13277.3690674104	15096.8248871145	9785.42221089838	7834.91517676115	16017.6306688959	16240.0279069929	34717.3912948043	38963.6443878219	75899.5377084209	1237940.18928292	100030.715408261	45987.8146922255	90220.3832721937	49604.2020111359	3989183.08507133	15750.4263719915	19351.1891347886	17946.7720819531	14317.9239419599	11644.5481990067	8509.91474918563	8342.98907503172	7920.03325787754	6839.77155056291	3845.79203116686	5204.43311417279	2130.71795950811	891.106914027784	403.93793867299	0	1.12779587489617	45264	262634
67	15849.6698104333	12565.8083955649	9874.66526650702	9835.81751432142	14755.0051861389	16980.1183339281	35593.0309538855	38230.6929382056	82380.5272693545	1204419.31156813	102598.884780747	61067.5721978155	83812.2108030455	46065.0838808011	4188005.36902652	37440.9081436957	19897.4807447577	14430.886089646	13536.697776679	13324.2093696362	8997.7446468627	7113.4726691529	8122.90154974093	6107.75159074579	4180.37979119534	4517.12447601565	2422.16484594846	957.422233420703	309.513500272895	0	1.02494904004102	44798	249697
68	13420.8619052425	14733.0614089788	10252.3397734047	9902.86154620334	17712.9885577477	18904.5352386234	38653.4110277111	37557.829972115	89148.1903880016	1232417.00482647	97855.8353418635	47932.2248382298	83747.1616087179	58952.9429888096	4093286.49718624	23594.4134844909	19280.0689565581	19048.6879462542	28708.2172716849	12285.0886940138	9922.20838664589	8783.68295138295	7214.21167723261	6630.67621443844	4209.06335708586	4520.94529307129	2982.81582765984	1101.14043418007	367.055809987565	0	1.08466673711961	45554	255595
69	8749.74646111788	15487.983812374	10965.0689486475	10173.801831312	16016.4679609642	18346.5534164039	39552.9879254085	37803.8757463823	87523.9324369999	1310627.80763757	98006.0753871189	60320.3743413881	83828.0594396694	42949.4861260678	4006271.46977616	15841.140565148	20631.4918872695	12927.7860878995	13452.1932423878	12942.8965662312	8685.26198941067	7518.857006095	7394.10857727834	6315.73528241337	4096.67012863783	6497.6425785771	2997.18881612839	641.157665985876	447.184356304251	0	1.20325225543639	45457	252875
70	10910.4507925693	19531.3893690599	10074.794905978	7531.95464274061	18239.1444259537	20688.7057157247	37299.839363157	36928.5043861098	71328.3634857556	1218430.03518791	97338.1238779753	63232.4660570146	89974.3022854568	62892.3149279391	4109629.52761093	16751.1763241064	19804.9349813375	17735.6445618636	28204.1006451977	13856.6925613069	9292.09871322992	7053.66398883036	10130.1091469128	5708.5631334802	3312.98356586618	5094.0534726787	2295.89558753302	1012.07372760302	326.909468805977	0	1.0639796236656	45005	253160
71	12426.4586917098	17384.427183755	9213.44898601425	9529.86094554959	17624.4355475674	19024.8740054757	34664.0351657661	38382.7042612085	79328.3051248848	1276568.7142163	95500.2632569491	43593.499106487	89857.2344269165	47527.6807096435	3814388.41543246	16266.3856262403	20981.1248862195	23440.977807357	12130.1540410005	11479.2108346954	8736.81690598462	7271.77065339884	9032.69411858727	6513.56930217042	3986.85970598216	4457.15751239025	2320.14430725984	851.049781750985	525.824871562333	0	1.23627310401543	45963	261445
72	11980.4154360139	16401.4260060738	10078.5075205779	8124.50750181902	16755.8263827614	17104.2434253221	37056.6364719655	34607.9450798865	80321.0044694182	1273823.4462105	93414.7659929455	41982.2019203506	79482.4292850297	54516.0346889224	3954002.59301354	17439.9245059773	20493.230592826	14067.5631479456	12867.3506249654	13114.170022521	8393.64579765851	8346.4968609334	7533.85499354088	6713.37132634305	4027.38091403658	4977.00284608698	1870.06786220227	925.483314581247	392.74021171431	0	1.18160187678604	45231	257765
73	10938.9033620106	17610.0464197718	9670.60784610728	10118.4453452339	16719.0521086201	18051.4818325393	37041.6830888118	36268.6340263931	70658.2170128961	1218870.784851	98028.2510332113	50985.7077283942	89421.4874585704	64392.548141079	4163257.14179059	15146.9749786818	18593.4781858934	16867.7639129787	14909.9203834155	12948.620457214	9282.82408136664	7616.55261279165	10567.2181369125	7135.68892846398	5469.64657940617	4464.0607622262	2169.91466961101	815.467075362987	384.12696251033	0	1.04904006664062	45706	263410
74	10313.2412809093	12597.4593100755	10270.8324668693	9414.18968669795	18401.3243514875	15305.846206102	39991.5257247873	36085.9047963716	73686.9695598777	1164363.96654326	86435.3554882856	40802.7935418708	89557.1412756207	49261.0402041119	4382131.74454082	18604.3222702975	19882.7701719295	27082.209536467	13118.9703049546	12345.2489518861	8744.07933834469	9297.6479696208	8321.73720311253	5449.858923592	4416.06737899717	4172.74929262414	2996.60072467659	1177.48062712034	456.021338542696	0	0.929425745503813	45757	254053
75	9091.15999385392	18290.1223348171	10144.3762361303	9063.02559992745	19645.2188680941	20855.6837989859	36316.3750725294	37612.1488007716	73309.6408288952	1201313.56982682	83893.5742290855	60745.115391146	83505.5800321125	54365.3638200246	4237945.69974304	16405.7584590681	21183.3247601873	24502.700104686	20566.1179091137	12175.8873482146	8300.87187373808	7658.05108369713	7873.71630760162	6432.4810925658	3677.09290248117	6813.35054348451	2640.51541622243	631.889106388824	232.409979119723	0	1.00747784131789	46005	267670
76	11057.5793382525	13374.690481758	10651.7689275838	8831.4920211285	15517.0985830277	16998.0135075115	35396.1553022479	36510.9369179328	114659.085454969	1211091.04564908	91162.3697160232	46009.6687378168	86159.5503999268	61369.2501880524	3801574.96445961	17244.3173035774	21502.1844895359	21284.3843279211	13502.9193423557	12851.6022853553	9658.22338411084	7185.26556749406	7750.54116333545	5322.6945964913	3975.35742007485	6427.55933088277	3865.55715707856	812.603518281186	364.983625968717	0	1.16168842435894	45926	254458
77	10643.463202276	16197.0434285102	10449.3084782544	8580.84294026059	17324.4903273793	17787.1086816452	34054.6650494935	38951.9810634659	94565.3655431695	1231845.40113572	101609.145242102	51059.609713074	89105.0238355465	64613.9157674425	4239365.03482747	22482.3724993917	26937.0307129993	28055.5000282094	14295.5052536262	12686.2068371018	9682.30093057779	7945.19605334295	6424.67596957621	7678.36067035808	5216.51068056145	5250.67889570818	2774.78485154447	887.815361700719	279.363012887755	0	1.03739280445344	45728	256922
78	11493.2935858439	17133.8110294633	8607.03883038004	9483.74212915321	17445.6772470712	15280.7688627176	43317.0503049118	38073.9689990465	98652.9974617856	1283652.01693565	107103.487635614	45426.151332856	87274.645408465	41377.7847318959	4191167.26411528	15241.9763223426	17778.0979951889	23195.8497427488	20123.6770325942	13277.8259439337	7894.66117303339	6962.16638210057	5781.34726169535	6024.86218900793	4068.95221174838	4783.92636706806	1813.45742792152	701.230889635028	326.16511388499	0	1.10916606097212	44938	251486
79	12021.1928027879	16505.7304552498	10196.1779537981	9896.91280232976	17372.0465207741	18858.4074371765	35140.7471092936	39733.9193677256	79880.8888519604	1290219.09929198	106465.322065125	43805.4172882456	83645.3197331296	53639.5058437148	3745279.65939523	21015.3557498543	20392.3798369668	25558.3272339354	13580.9887190278	13532.1576460263	7670.91414819382	6790.25568889318	7152.8053983715	6628.42726590299	5670.64642461031	5605.14877953517	2661.63869473883	950.91931165877	399.372717043164	0	1.27905986191608	45511	256478
80	13660.8654575252	16355.136446601	9818.73806536983	8912.88005704351	18008.2870847579	19208.2624130531	32213.7036775455	36035.9873427667	72875.5093777804	1208094.67618371	97695.1244303231	67448.2570598096	88831.1337036982	47318.3913502409	4048884.51731616	13781.32938075	21053.3282896187	16522.4267331927	25214.5961771869	13920.7337750239	8990.94790129318	7766.16424431498	8585.38632527258	6609.30979507551	3898.14906952202	4761.6141653201	2502.76668798889	1253.77020784711	461.650790484941	0	1.07314298427041	44986	252182
81	9874.1244858483	15238.8210402756	9458.71372195293	10380.5837861555	19833.9786034583	18227.4984413354	39052.2900646555	36893.0951264166	89294.2855702851	1223616.70480261	93174.8130940554	53456.3751496652	92386.3004079354	50553.4408464982	4303329.58358647	17712.6467343493	22434.6575036652	16641.2720733618	19548.7950113317	12640.3862119103	8693.81567706324	7869.73412796689	8099.32839277009	6070.0962539311	3924.41993832951	5489.43233746267	2416.97205309978	808.686249678719	345.0869369469	0	1.0111059932857	45853	257852
82	10422.0387685675	15473.9965564932	9837.72332394101	8860.54057279328	17835.1324986478	19204.2158489467	37141.6602621221	37849.9106114473	69431.5433627257	1231520.17168065	100946.581586317	42835.3955911965	87220.3298070655	60921.068797722	4225710.70106579	17144.2642508294	23240.5838261926	14327.8185716679	14768.8391451486	13549.5520634629	7502.37856668051	7343.45817606003	8741.3715894268	6958.41776595969	3665.46861306292	4852.5221520803	3134.93315275613	886.924697492844	303.178392238441	0	1.04374611134828	45319	251848
83	13642.0838242637	16160.4212955693	9523.97424899164	8310.82760216105	19077.5642957402	18402.733115526	35418.8635085428	34682.4690073014	87904.1105500571	1258472.15527354	92385.2695184713	53086.972839267	82088.3685536549	50668.2637243624	3834155.13761556	16361.1788587079	19188.0572090759	25560.6170521366	26767.3490026008	12597.9348224848	7876.36828307403	7475.82343694623	7628.54881357681	5414.97197670559	3237.93580951382	5258.37389972049	2394.10714810512	768.385210134601	338.322314704627	0	1.20629104986331	45635	260891
84	13841.7577222907	15198.1270935121	10094.2948059735	10211.6091802159	16273.6481008611	19746.4394051272	41425.5526086063	35909.8207577923	65899.3266669595	1257878.59523427	101214.837137509	49405.6345319718	86181.6193435309	67102.6630679928	4129892.01993241	15256.1043658764	21882.1340218683	15078.1510147785	21044.9423057122	12633.7746288841	8610.54884043947	8213.05129749976	7722.40304957386	6896.82461861561	6233.4588353989	5323.08274055691	2923.28438531268	1061.92757150041	346.184453826041	0	1.10171309004154	45592	252024
85	13594.2401750206	17451.4748490996	9831.35535854809	9890.32215860667	21783.5753078201	19574.736591302	39199.6890911324	36251.9558457224	116929.247838771	1263417.65198809	95340.0304818397	45053.5822199144	88534.5609616958	50946.0832779752	4072244.9381142	18813.3055334207	20569.3943593929	17908.6984753384	20177.678281955	13852.690100139	8909.41346167764	8177.03072831009	6892.55727315487	6925.88091994162	5222.58674133733	5692.39833439215	2587.38751026184	1059.66367601389	303.364838129244	0	1.12519118202776	45103	263546
86	15713.0335188935	14438.2476967629	9884.81297978981	7767.20540217583	18504.7151376475	16659.4458767867	40549.5478841788	36993.4454552764	86569.6517358024	1348063.80400189	120870.222296285	52888.0249305918	82919.6654967431	57397.0741934886	4306249.84137038	19556.9678558244	27018.6025106531	23682.5264220073	33406.8487324185	11687.1506758331	9798.15719299436	8301.6199098346	7977.50370959425	7352.62053211804	3711.07231409307	5514.21701100682	2631.95617618784	844.709801317175	517.512929658959	0	1.13859408994412	45536	254949
87	14659.7922008226	15379.7275093475	10551.7170077903	9267.519579782	19319.9859515967	17204.5416498187	42304.0646675994	38266.644804573	95670.630482374	1177613.54030733	90402.5383487093	50413.3505648001	88372.8181138281	46028.2527135422	4198665.83155717	15529.4201222528	19132.9994609553	15642.7712776794	20999.7634105373	14682.2319038555	8317.07578990857	7405.30184630114	6752.83371327655	6847.88688390219	3427.88442890528	4616.71277644062	1634.99247721276	931.927726190956	401.847034754384	0	0.993103214398617	45335	255867
88	14669.9570033819	15861.3868424401	9816.90592177924	10389.6359538254	16075.5909013403	16926.0057451475	41041.2813166633	36058.8736056929	71315.2569353294	1206529.83572554	98151.5745507423	42904.6164939393	91822.6132177903	41125.5161836412	4094834.93245026	18334.5408976531	20855.6533268261	23129.0621677926	14796.3796917423	14135.3560613331	9297.43205183539	8334.75468734623	8013.75123150784	7680.79316829928	4360.53941241058	5938.68390402116	3748.64203997187	899.756847330133	628.312959567006	0	1.05758259332788	45857	255003
89	12753.110506954	13861.3989430074	9417.76977914543	9412.91962255446	14996.3345304723	18030.8273863085	36177.2608577137	34129.9367164825	86337.8614992767	1160163.4731619	93810.533977975	64010.9015107119	99795.1458482684	46022.8425129989	4237716.0072331	15506.715521968	19922.4755519482	20506.1021820666	13064.1784960145	13099.4320002499	9384.11286316204	7095.47669952314	10138.1634890887	5469.01543570652	3171.50746512518	6094.97214641229	2556.94589038271	999.578556485238	473.78996130606	0	0.963189799520853	45534	253410
90	13196.3813753701	17764.6117020608	9310.06771216425	9130.23425477656	18338.6340241504	19993.2174780833	39577.4640595908	37497.7736732869	97219.4345956502	1285007.7922412	105014.65459123	49008.0874415569	92019.1494279527	62843.9667737285	4242421.21868311	30444.9997116793	21296.5485943255	14947.4121886567	12888.0054085508	11847.3293223591	7529.60892174615	7718.61454247962	9562.94430718436	6530.1773832417	3896.49404875725	5582.8678696707	2901.44609859204	1119.47160331943	367.275894735577	0	1.09288964849461	45568	253088
91	10202.359412288	14395.9354814378	9992.52970253167	8861.25368934816	15756.2362741539	17637.0357616814	40324.3496770013	39910.9473346531	96097.6630444964	1243061.71767833	96213.0244431183	49670.0456561979	86750.1242411609	55665.6117208043	4118332.10530684	21304.6021661005	19640.9570733266	15966.91242016	19674.8920921614	13565.6413610262	9659.64846194739	7475.58040598935	7687.46182032979	5845.9202925762	3698.93869745637	4636.80162578619	2533.20549714085	1269.00555730884	376.270021895419	0	1.08862531730941	45038	265784
92	11134.6070048049	17409.7133745826	9954.98916334271	9098.51878033269	15937.1496557426	19795.6847351548	40130.2062209147	38466.796266977	76748.9257176977	1255034.8802227	109893.813480264	41219.3993395456	87246.3241271498	56143.6764750431	3932015.49670514	20739.8604845095	20225.9909844172	14001.2808240344	20528.373223885	12935.5100892851	8247.2378323609	7256.81990893624	6889.52836323408	5365.70347059136	6124.84063274128	5484.70570395755	3480.2955860436	798.769379816718	432.669102920476	0	1.16609128345383	45284	253859
93	12635.0614831782	13558.2181995055	9585.44711140395	9013.27798761465	18224.0437120059	16531.1519400393	37070.9639794469	36857.6355814313	99536.8700376796	1194920.39714494	94863.6992323297	50102.3657169815	85458.1079394565	55712.2405001603	3983986.34478276	21942.9734787846	21465.713853531	18175.9724328833	20659.8999329014	11588.2003005308	8618.53281226243	9532.92292273622	7291.5686301557	6882.01738781676	5219.07536946147	4995.79806447299	2032.0964507952	858.534118809095	343.709802763387	0	1.07901438535653	45715	257789
94	14143.097265526	13929.4687534754	10224.2505666604	8913.060157217	16844.3650130235	17031.8632324835	41338.0442723376	38370.3353839863	71362.0796162871	1187853.49400207	95983.8484603558	56511.1901918722	85098.5364525836	57017.238063154	4099440.42638151	14157.8555414576	18343.507928446	22984.0114297678	20575.3334969439	11222.7436738191	9194.17384439788	7533.92247977112	6321.62230294536	7381.16221290838	3944.2757082547	5206.41519569863	2465.66123943967	909.750702876699	476.871550601181	0	1.03482212527733	45592	252999
95	14144.458486358	15472.5659302039	8439.14685786996	9430.99773708312	18018.4170745424	18326.2628637951	36548.752082077	35204.2020473499	97343.1460216361	1287558.04890826	109619.238006982	62518.8992829001	84558.995311446	63768.3447189991	4182255.99307646	17040.6790353483	18571.8005801042	21393.2293562852	20237.3448183096	12151.4187004341	8281.3767980951	7787.9849793374	6899.35930186563	6676.04723575398	4344.78058398974	4999.07549896005	2129.64106132094	1106.65818340578	271.287912205799	0	1.11487165250392	45848	255476
96	13380.0757297167	13104.9395381166	10519.7352468675	8796.96813100132	14253.6623891903	16201.6511805869	38340.3795550967	37000.3715500304	102174.642007972	1301480.82514943	106811.868288793	54788.4580119746	89194.1632104759	60917.87241635	4278257.50240008	14588.6610261032	21698.9697962539	15454.556315663	13742.6642284916	13745.5621020645	9834.14175306935	6582.70440532507	7124.32476872604	6587.73713101628	4196.65137654443	5378.15397892827	2900.16858218675	1043.95378209232	345.282408511681	0	1.09974023887148	45522	252385
97	7575.69621414006	15245.7879103635	10122.7120720234	9251.39066804411	17001.7982948391	18693.9968278616	40752.6825552001	34997.1412914818	77529.5330928975	1218198.56230993	97032.4823252771	54376.074714991	87408.0442873979	52633.4384098973	3717038.13065877	12025.024760454	19752.2807629456	18424.6462070343	19470.8408659692	12057.8994568953	9370.34775553214	7678.96595946657	7503.5239676977	6954.65553436257	4611.88932752473	4886.59517178141	2952.83238939966	1036.23048658121	382.748689479563	0	1.20390838364535	45609	255086
98	10658.000995165	15091.7437491248	9661.66120325938	8349.51919068873	16498.5710455056	19982.3284667985	35977.8288347137	38039.1096995698	87364.7329561068	1311915.78119094	103142.789713117	46236.3969213027	95653.3791434988	56359.463381616	4190319.95822776	16034.4015582744	19905.8911975462	16273.2852184199	12487.7674314652	14570.8265239363	9498.73626885713	8066.98614862742	7281.21083961245	6912.49345840747	4496.28031524281	4664.07228938986	3683.75396810403	1092.61252865357	393.069798638414	0	1.14022503830353	45802	254063
99	9988.7900097147	17589.6340782005	9431.32316324219	8399.78429425054	17554.7238152104	17811.270010117	34901.3155137239	36549.8578607651	101033.331519147	1245412.97106249	102332.486034073	45012.598473574	84744.3084687674	44724.2266648985	3960680.32362671	15004.3990746415	20033.3354547848	22299.1516110628	19613.9494934304	13112.601021467	9885.22241812985	9478.84161616473	7683.47267418673	6096.87417354826	5826.1011057106	5274.49103072525	2147.77449784274	1059.80566008193	399.246165806277	0	1.144921486845	45393	251070
100	10213.5016546577	12682.4462737037	9818.22961369332	8739.15669157706	17024.9852914928	16565.800798063	35753.54349164	36576.5923233954	87053.8465449795	1226843.88135599	96990.8263498285	40515.0613684012	88345.3006590764	60021.9863905512	4042151.34549502	19789.6054328233	22196.2841808459	23382.6414566075	11799.3571504489	13821.5175422512	8747.25599795668	7460.70136965617	9101.69890589123	6625.5186629151	5669.98628462667	5525.90150434102	2584.43822565235	820.881372969905	328.380936000862	0	1.09657589641531	45992	258191

Average (AVG) ping-pong signature and standard deviation (DEV) per [nt] 5' overlap (last 3 columns refer to avg. ppZScore, avg. ppSequeces and avg. ppReads incl. standard deviation).
	1	2	3	4	5	6	7	8	9	10	11	12	13	14	15	16	17	18	19	20	21	22	23	24	25	26	27	28	29	30	ppZScore	ppSequences	ppReads
AVG	11948.1961191539	15693.0525084693	9854.78054741449	9131.20512515025	17157.0513913049	18227.2059823137	37848.7951252111	36976.1202585842	87894.2340956687	1243204.51824929	98862.4634120836	49958.8100076644	88399.6181028596	55704.2346426204	4115933.9111141	18076.3980420578	21329.4519811555	18644.9311181404	16634.581264225	12890.3146242191	9002.77232165439	7897.92553739806	7996.68033210351	6637.80857329414	4273.84252403183	5208.02660332943	2715.20037521068	964.324161089839	369.838364419566	0	1.09201336166553	45569.06	256215.86
DEV	1881.18044571397	1795.52659145487	570.808049125886	705.259625961858	1717.35516819616	1457.64365363784	2429.37052587138	1741.17880312586	14816.227669725	42691.2296370686	6692.6491509343	6452.85648559446	4350.83213120888	8778.70835665263	162195.464072287	3965.93750748197	2684.77766860191	4130.42775682557	4986.10504963474	1035.53991729135	747.937421451055	636.54402223674	981.307618656109	651.694391640215	687.921471281081	618.151103209245	514.18270444763	165.239118129281	72.1012993566498	0	0.0718831447260135	321.686207972925	4506.3658351714


# # # # # # # # # # # # # # # # # # # # # # # # # # # # # #

