1	NC_058066.1	17726050	17734960
2	NC_058066.1	27441463	27447983
3	NC_058066.1	28121256	28125982
4	NC_058066.1	28290198	28297001
5	NC_058066.1	28445323	28452636
6	NC_058066.1	29297022	29310880
7	NC_058067.1	14128407	14136847
8	NC_058067.1	14155111	14163931
9	NC_058067.1	30302082	30308566
10	NC_058067.1	30797040	30806014
11	NC_058067.1	30936178	30944991
12	NC_058068.1	12406436	12413738
13	NC_058068.1	12732053	12741731
14	NC_058068.1	12794030	12801799
15	NC_058069.1	2474003	2485020
16	NC_058069.1	16354999	16364983
17	NC_058069.1	25164311	25178841
18	NC_058069.1	26266482	26272980
19	NC_058069.1	27482014	27489024
20	NC_058070.1	10509018	10514531
21	NC_058070.1	11273013	11281932
22	NC_058070.1	16058339	16063069
23	NC_058070.1	16239005	16248013
24	NC_058071.1	6083060	6092024
25	NC_058071.1	7355630	7361347
26	NC_058072.1	4703127	4708796
27	NC_058072.1	7846739	7851740
28	NC_058072.1	9139098	9152764
29	NC_058072.1	9187018	9195278
30	NC_058072.1	11393060	11403550
31	NC_058072.1	16554113	16560801
32	NC_058072.1	16650053	16658972
33	NC_058072.1	16792114	16799962
34	NC_058073.1	27001	35922
35	NC_058074.1	12957400	12972525
36	NC_058074.1	12979048	12987990
37	NC_058074.1	12999036	13008000
38	NC_058074.1	13014055	13019918
39	NC_058074.1	13063092	13069848
40	NC_058074.1	16891075	16899014
41	NC_058074.1	17050017	17057006
42	NC_058074.1	17594000	17602911
43	NC_058075.1	4289030	4303927
44	NC_058075.1	6613075	6617952
45	NC_058075.1	6779004	6787987
46	NC_058075.1	7809091	7812410
47	NC_058075.1	8258352	8266593
48	NC_058075.1	12980181	12985154
49	NC_058076.1	959006	967710
50	NC_058076.1	970020	979023
51	NC_058076.1	1308003	1312007
52	NC_058076.1	1894179	1899982
53	NC_058076.1	10156061	10163935
54	NC_058076.1	10576103	10583998
55	NC_058077.1	7895120	7899608
56	NC_058077.1	10424001	10430905
57	NC_058078.1	596070	604011
58	NC_058079.1	7525638	7532108
59	NC_058079.1	10942018	10952991
60	NC_058079.1	11855494	11867962
61	NC_058079.1	11912038	11917216
62	NC_058079.1	12044124	12053654
63	NC_058079.1	12241274	12246992
64	NC_058079.1	12264043	12272829
65	NC_058079.1	12298962	12305862
66	NC_058079.1	12315019	12325027
67	NC_058079.1	13255124	13262698
68	NW_025322615.1	2056110	2070937
69	NW_025322619.1	1085999	1094025
70	NW_025322619.1	1337052	1343870
71	NW_025322620.1	178376	184506
72	NW_025322620.1	307420	315677
73	NW_025322620.1	319183	331006
74	NW_025322620.1	506111	516301
75	NW_025322620.1	583005	590782
76	NW_025322620.1	595430	606981
77	NW_025322622.1	861050	869096
78	NW_025322622.1	1086066	1100717
79	NW_025322622.1	1181105	1188921
80	NW_025322634.1	812075	817987
81	NW_025322635.1	694022	702944
82	NW_025322639.1	552725	557583
83	NW_025322643.1	73	4997
84	NW_025322646.1	237284	244003
85	NW_025322648.1	715048	722637
86	NW_025322662.1	210008	216803
87	NW_025322662.1	237012	242491
88	NW_025322662.1	442436	450981
89	NW_025322671.1	302000	313996
90	NW_025322705.1	189004	199026
91	NW_025322706.1	12013	20025
92	NW_025322899.1	33044	40027
93	NW_025322899.1	60237	66025
94	NW_025322915.1	32469	40891
95	NW_025322924.1	38040	44388
96	NW_025322968.1	14175	21835
97	NW_025323173.1	83999	89006
