Ping-pong signatures for 100 pseudo-replicate datasets (1000000 reads each) based on POR-82_preproc.map (5874594 reads)
	1	2	3	4	5	6	7	8	9	10	11	12	13	14	15	16	17	18	19	20	21	22	23	24	25	26	27	28	29	30	ppZScore	ppSequences	ppReads
1	7015.70256985778	16082.8548302074	10553.0488680487	4292.1415663544	12227.6408071426	15525.5396051505	24274.3905056	27627.5512246907	32474.7795913147	842453.896087137	33107.9327967175	18555.893919588	16093.5056620701	34460.8044318878	20685.8306567761	7782.40128109608	19594.9171721782	9420.21963107302	7598.18192613381	16570.9404790163	8496.35665459083	3790.51217745492	4077.06947186969	3929.41473538889	3022.97736567908	1794.25174043883	1294.55789438718	385.761479109156	63.7049833405767	0	91.4318224787297	20191	138049
2	7506.41207177661	22142.5979759635	12888.1043002116	4999.46469742007	10204.2826903505	12769.1781463788	22314.3048131517	24329.7511945778	36886.8959853246	826763.807842785	29352.4271830336	18264.2074852374	14401.2543119215	30869.1992106351	27586.0671080105	8517.24035099717	23033.2056829421	8694.47203679108	7799.29287307914	28099.3115271287	8002.41733645657	3459.30543904947	4799.54124821128	4108.94817577648	3187.85180218071	2055.96235022436	1220.75630034009	432.572810058691	162.375575037939	0	87.2874130842863	20561	137424
3	5619.7813380781	16526.61644591	10971.5311998814	4290.43800621696	11095.8810155521	16830.030408969	25835.4827774962	25295.1828854826	33597.6762377228	740708.536092873	30994.9953193675	20699.3998731571	14473.6549721625	28514.6846575262	18001.0874074643	8388.21043598207	24119.9038318783	8525.00973196318	5364.54397524052	19058.6700148033	6752.79826886201	4831.82525322898	12606.9161552898	3496.59806133327	2625.40596661439	1585.13810907409	1749.97215082628	460.423887013097	183.882538347766	0	82.2674490856639	19883	136099
4	5283.97668203506	12209.2810522802	9315.33454624379	4535.28444288543	11120.4725904688	15213.9393838028	24177.8020302757	26026.5188964403	29353.558920602	837390.991956074	31836.3599735875	20328.2051530853	14702.97697872	34352.4462646295	27017.1428712356	8751.83795149449	22982.065754243	8720.40597459008	5743.23507026395	26157.4258252645	9465.09911775158	3383.5760698276	6732.36499589726	4098.55649837974	3025.8663252638	1826.11519547111	1708.13877518493	330.322196705493	116.889410728099	0	86.4628606256059	20245	133422
5	5902.58797441601	17183.3061576011	9639.79201116578	4957.13644269968	10244.4555861969	11355.4519940848	21242.8920087444	30163.4725411624	36117.1123958267	819526.789436409	33226.5366042348	22408.4588939183	15952.4808172281	32590.4555305204	22027.9675217714	8260.92046512338	22733.9592029261	7915.38329943402	9982.76197145952	25211.9208765156	6100.78968760301	4358.30917636145	4302.09389214872	3508.09801018284	3844.40186055669	1632.19165547418	1986.71340591833	332.905452652443	137.636918709692	0	82.4022673881709	20251	134133
6	6607.9782470297	18030.0849094411	9302.81718152746	4509.5416188727	10999.054898585	11792.085183702	19506.1878567288	23696.528687887	31813.8894547798	766584.307610304	33635.7528720699	17586.3551153836	13878.8386856705	29546.6333517588	15283.4686315579	7895.09015694265	26448.5049797997	8526.15256637114	7947.13167823606	25487.0801549775	8101.16246996657	4093.7011917945	4513.86203054628	4056.18357421415	3706.4292448488	2262.45380592726	1834.39623166425	403.003382408584	183.201520067291	0	84.2768637553681	20118	135676
7	6356.2927492923	16858.3237136206	13561.9914731132	3709.30303070212	12083.4354906325	12211.8145989825	23406.0428723967	27292.4648892398	33870.7744067356	848699.155980965	32586.8040839398	17764.4571739712	14408.5206437774	29773.3768682338	16898.3443723619	8172.74522887357	22582.0531526315	8354.72832409069	6954.6425777255	27836.7845995977	8596.32812980395	3535.67323705468	3691.20928833217	3256.74901174316	3878.07064826317	1779.27003861668	1677.7127345314	473.387684602822	63.577082663863	0	90.8820825394592	20065	132344
8	6182.23469273285	19094.0401189941	12061.5542202897	4416.47725691541	10230.5363994487	13819.7428949652	22987.5211655203	26937.8658600937	33362.9689102084	867172.383983281	29087.4368301635	15930.3958597974	13353.593165673	30271.6807421391	22450.0335893638	9794.80764473109	23945.743288256	8985.69605233718	9562.57401777099	29234.4200594443	8711.57791169133	2953.64952697612	4788.27493361419	2758.64929519542	4440.63158454848	1692.23540932081	1217.71151821852	472.302487594572	119.645346570001	0	96.2234195558889	20576	137761
9	5380.67246016641	18461.2249883564	9979.08644123613	4212.10213379063	11440.5186811882	12209.4786837928	23622.4296953438	28713.7896700416	39053.6626960044	805894.928718018	31572.3120172508	23324.9894063406	15061.6784731216	30725.3983797821	20822.8833038253	8466.21252662596	23501.8907599029	8552.45420361466	7128.34781529053	15557.5196425648	9048.69398225164	3866.77805146289	3840.2574027791	4010.9417703017	3082.05785001687	1388.65081912273	1690.14220213571	320.641276013662	174.579363246522	0	80.8622565763714	20144	139151
10	5183.85279731591	13633.4576961941	10365.556111842	6134.56064158519	10059.7087285909	13697.4022514245	24936.7806917745	21350.6061130272	32288.9818407068	774344.36495444	39765.4776635386	20562.3726169671	13568.0795251652	29281.640001444	23462.8056209113	7472.73923167254	21218.2894731961	7857.25273636172	6366.52874248493	18669.6461529781	7248.89773922166	4590.89107333756	4426.73346849429	3136.81583099428	3919.62039474887	1952.69238510002	1510.04092368612	453.423366682346	146.886428367653	0	79.3365317154841	20446	140691
11	7349.60775878327	17774.7716013888	8554.6891516187	4675.72918127721	11202.5039110201	12308.4449108249	22553.6669866749	27916.1369771978	32095.8541291098	851118.653128136	30671.9515555277	25149.231843515	15978.9033001405	35619.1616086207	19276.0246060026	8105.57408277844	22607.7338312931	8953.69182826237	9711.00815475471	28360.7752281686	7284.19088694743	4029.90444198334	10891.8083767391	2763.55879646376	3076.98230611122	1493.06873416247	1166.3149352464	425.924475820415	131.353438985635	0	88.5878572653636	20606	142162
12	5647.51283945068	13358.9877480396	8740.6279364016	4707.37463868498	10683.664379171	12270.6948595156	19019.0076526624	19701.6704128875	33957.6685054384	886317.540274934	38156.7857619504	16805.5883299141	13559.6425369291	33069.7658212075	23958.8628271062	8063.12088231388	23752.2971688174	9028.74421305482	6788.02437014158	25141.5037133979	8530.36907604338	3865.74290886165	3745.75099989797	4097.51847300903	3198.26436260022	1748.28732721332	926.788220707272	309.402702248982	161.327466851864	0	88.1336858582763	20345	143501
13	6817.12888529758	17410.1265247686	10475.9870328947	5716.13177524278	10708.0139490982	13908.8039372377	24172.8947936608	29622.1859483752	34215.0008084218	831582.893433622	30566.2342056768	17158.6164482427	15713.9606857878	30193.7007319786	12450.9522808022	7355.26897917233	25639.0459200807	7551.69963939158	5272.33858000357	28306.5469133358	8390.27167073217	4892.7453401718	4877.32922066365	3282.62857335863	3109.60247736591	2417.12309852565	1556.65869094335	472.68399596803	120.72884193133	0	85.3775510768744	20486	140486
14	5195.22727182628	16240.4734985783	10132.7208801754	4704.50946586235	10006.4354175463	13513.1392219516	25019.1122326123	25169.3310911896	31023.4888571116	835896.843030137	35543.8501178775	23528.614951605	15810.9105589469	32803.4827741104	19623.3069126597	8162.38628002827	23972.1125855105	8706.58294609052	7200.76284187415	27097.7746756783	8678.78230781942	3854.5701890621	5706.68668964892	3170.2022414498	3594.05423648552	1916.35059674224	1315.45104274445	420.727928432445	86.3767478774456	0	85.3847290788835	20685	134961
15	5462.423409765	13270.3857850552	8619.32704009944	4336.64984830134	10621.1791260972	12107.0938723523	21465.0858647628	22766.1015146693	32201.5095556894	844863.650335081	36125.2158451831	17987.8557691183	14833.210203506	31380.1177764066	26366.7826020338	7454.33564721276	21797.495831645	8580.28924405121	10413.1089653142	18869.6465921299	10605.114606527	3869.76031487867	3232.50006367705	4029.48224394581	3085.32333697156	1280.67248488603	1528.44711829278	407.607183514511	77.4087789985193	0	89.528741484186	20159	132225
16	5353.29882588171	16674.8829136155	8982.09403944458	5281.92564567957	10893.3271772491	11831.1087271118	21782.2651932901	30120.1001388862	31498.3946865071	823682.565557433	31840.5481035892	19629.7681692942	14374.5336557431	30086.5438755831	21100.3225481379	6975.42149627203	20810.3474093619	8173.05455854507	7874.0836766061	28294.1071152058	9106.43500232696	4695.35620699134	5450.68277262187	3451.66181340463	3892.70518642939	2534.57145739664	1422.45548357872	478.311451594199	138.112524873654	0	87.0825373216187	20155	129211
17	5813.0905576937	16207.053894059	9079.26650970267	5906.9472678198	10517.633791151	13840.923384028	20654.7810223498	28251.1058718157	29992.3711080698	833152.516097438	34378.7356734588	18225.6519506816	13868.2269273335	32764.5243515953	12474.9056205958	8610.24767294834	23163.7400182295	7188.42023587133	6646.86092038068	25235.4723564133	7341.30317999655	3798.35787562154	4070.68555416915	3420.64213368202	3724.89264109693	1250.78605493382	1385.58541828928	449.613687404704	69.2597032699345	0	88.0009382513134	20110	138035
18	5598.93330904238	15893.3942770476	11581.3171404685	4579.48013832657	12789.5225853253	14510.6353107619	20551.5129194151	26233.5509567087	33241.0626894577	785074.582012648	29512.8376281773	19579.9101174717	12699.1621329842	32325.4616086553	20514.1692607885	7956.48601882878	21717.3071017589	8437.41632112827	9455.0830176386	23204.214557124	8653.94753691572	6274.88470509713	4562.97131397871	3673.28142646503	3850.98504399634	1934.16414085814	1438.23819899778	511.884371016684	57.1289103947701	0	89.4564005697873	20336	139442
19	3883.30563588238	14468.5170033396	10093.0510088245	4193.04108255476	10950.1691720512	12603.7701106944	29462.9592304938	23833.1908112429	31293.5925718311	847311.881439717	30456.1780172902	20514.7917574411	12713.3437438698	33133.221441569	19414.2426155773	7570.7287687376	21257.9679567521	8528.77160852264	6326.00434633824	14703.7018781264	6863.05748476548	4453.50639973687	5796.49935184547	3521.03716878373	3806.18902203319	1871.04869159738	1940.6873789545	476.04452140174	144.367623366476	0	89.817109406318	20382	136650
20	4707.31029302622	13627.0773867738	11166.1323379633	4814.15723117268	10466.5039746768	13926.1747259179	19662.8119501776	31703.6881483637	32940.4671981544	878795.012717576	31556.0948838222	19444.9301294593	14040.9391105521	35133.5998451391	21670.3667582068	8500.5084428748	22605.3021083567	8363.97200590208	7031.37837439392	26907.6860104688	8083.9144783107	4901.76541278201	6226.14486893992	3248.36532821819	3470.70179255855	1711.52368189741	1766.34724916783	376.107396812184	93.8769860964093	0	88.0849331371821	20189	136967
21	5175.77667823683	13763.3039656643	9259.11550361336	4495.55038612849	9911.72656544839	11341.1415187338	25087.4651258939	29862.9046973119	31543.6389626885	821347.830425939	32790.7104329989	19176.1074549059	12978.0880848395	31053.0854496308	20275.5077948351	8454.62175867436	21752.5247237184	9729.20175861916	8107.19681041379	22556.8889963249	8768.24937767491	4183.60908077827	4355.89768338496	3838.26789455517	2633.36351337557	1423.18547222257	1039.12160083566	320.367857921404	131.13655324875	0	86.8929559985461	20487	143414
22	5036.67401647687	13650.1202282961	9226.14359934705	4085.50564438417	11535.4710435073	12499.7922656146	19487.0589644727	27086.1278985594	33997.4431983473	821476.18941436	31447.0355494264	17625.0552729818	14546.3602185548	28809.8379895266	16830.2366523225	7256.04497653244	24466.4349718686	8320.11457893251	5278.65851407857	23901.3213226312	8162.48856702653	4789.12255114583	4611.34528529787	2843.0049879909	3287.01586561454	1429.72512063848	1550.4301275233	450.31672210741	85.2206817425054	0	87.9620865465022	20334	136982
23	5359.31666411694	16558.3253324281	11618.8165440668	4434.69862301705	9338.30470273389	11544.8068100537	21917.7274769825	24307.4307048845	31161.6787289256	829795.638560562	29639.9754337539	19173.8939711254	13690.5554233471	27977.3351233249	17320.1570337749	7767.27061652909	21134.3577362536	8033.53058333834	7486.50593272548	20836.2532540113	7646.31274812953	3897.69601780357	3288.44461565122	3227.61255607536	2852.03780263149	2403.91254986648	1481.03653254126	402.834710141251	135.434577690145	0	99.7687862868575	19990	134124
24	5258.94111574478	16664.1057905208	8846.84597045104	5846.28566623433	12362.0182145295	11276.0086881585	22082.8423035116	27299.7513855959	34419.3306981253	865094.657832686	29994.3123581089	21358.1082430102	13830.8869118484	29583.6861880906	19397.1267225554	7575.59886935562	23654.7522927033	9712.71815290236	7802.91462208767	28841.890007102	6812.41779033106	3382.36479062463	4116.60035756412	3196.84172931888	3040.80282924235	2135.92092538622	1375.117096622	453.839298903392	122.961697746483	0	92.8444759518164	20169	129590
25	5016.56212800191	16323.2211068625	8791.35148848243	4548.02780978459	9029.36707998894	10296.9358634861	24202.1540902663	26626.4324777082	31755.2502593871	810952.589646429	32819.7769057153	27075.597053937	14152.1975542219	29070.7356231222	14716.8444004531	7576.10431432628	22468.5628419233	9517.20698626688	5944.12550551227	22637.9501303981	8422.51982048971	3964.53698527474	4531.498813237	3690.83114324717	3692.91679422797	1552.93075781818	1672.34885862787	476.123488269534	197.462611354832	0	84.5183934236277	20097	134155
26	5489.85200432304	17644.2911561963	7991.58444333563	4889.2173802589	10817.0303064905	14207.895153002	18166.2434447587	26756.0238803423	33664.1910258659	805646.141821052	31822.7610887993	20381.1683170658	16488.9086804684	33348.4765471394	17982.9049079188	8453.21410157253	24726.1548239237	7486.24619879398	6495.19391773359	19918.2199134127	8687.07666932411	3630.04345845988	4426.21165575043	3206.62625374609	3348.41353444154	1906.59319131017	1559.04706464279	361.676288320537	141.218186049439	0	85.3342492170479	20684	138020
27	5937.33462710542	14788.9606178121	9448.28581232634	5100.20744669388	10376.5064021467	13447.3321117118	20480.0140546373	33938.5839732662	31269.558644156	844148.98750479	30430.0412587114	17167.8190123404	13875.1588560317	32409.8326395983	22371.3840877634	6856.83135132202	21716.3099288315	6782.38042184876	7059.20440507519	24525.3531435054	6564.21818235095	4071.55379761162	3976.49003298843	4111.02296545166	3001.43938423904	1600.7770757389	1201.231278197	379.474650342219	82.9653588628435	0	86.7769935593627	20460	143019
28	4871.67895113445	17304.8196618243	12586.3940497872	5495.02696773826	9457.82163066845	14135.7508835979	21502.5407884304	23220.6596306765	37185.2836043951	796585.285983711	32884.4157271932	18838.1195895772	13093.5976629293	33808.4838409978	12820.6968699324	8154.21162596191	22907.4081232309	8598.13616569038	5603.1601682747	19662.8621645805	6970.62691498763	4113.61316482833	4597.01295458608	4139.19155855569	3464.35376445868	1910.94682276586	1235.81224730898	405.783314810611	103.220417554614	0	81.8897304024119	20130	134719
29	4414.86870139942	15044.023864018	9202.91180482169	5769.28694298065	10211.2652463229	13810.6579140931	21204.1054448331	25725.668493503	27928.3534504584	832326.198795485	28583.5784482193	18732.5046455508	13213.7377287283	31243.3840235769	21791.0320256381	7299.72530113438	20795.2467177075	7995.20210850678	6518.21893736565	27961.5318347832	8101.98880794532	3371.81929996071	4704.89995535315	3709.73514822615	2655.25433323698	1357.78012563498	1284.23038532249	497.772623017038	130.170210009109	0	94.5463524568615	20488	142436
30	5812.23363438858	16146.8726683683	8236.7646754208	4689.80360825734	11119.4831981629	10856.612916762	17988.3076387311	25835.9222336956	32520.2055597588	811757.675391589	36117.9909033672	19242.7893240859	17055.5210840452	32731.8368774841	21728.1264802312	8357.20824639457	21603.2688655851	7655.94856851587	6380.18639248444	18576.3371969294	6612.21163192218	4092.67836475913	5058.21540868508	3503.66549891102	2825.5986436203	1420.64890725656	1446.26656957487	460.339550317876	229.283103854287	0	84.38809465275	20042	137804
31	5428.40878690313	14514.1634536216	8480.66594525541	5111.48656527548	11803.273411209	13992.8542749683	23731.1182474888	23396.5931299681	33023.5706371413	870323.454914473	31046.9072546966	17785.9745151003	14116.3214924948	35400.5317225792	19122.6640083836	6443.81557565793	20878.2654150918	8233.82487850328	6038.30362772228	20263.3147281412	9573.72349272431	4068.96651062287	5257.20608167265	3191.39779870798	4091.91831654841	1738.8725696614	1291.73127085643	432.966969295526	127.761467692213	0	92.5636724929886	20366	141011
32	4355.60045913518	11354.2039295344	8339.54954439997	4722.01254308013	11343.1650856438	13419.3454104382	23714.8152374774	26407.1049766884	32680.5376252998	860956.904688139	29490.1035728579	20457.6085974869	14257.3355486557	29344.135347923	21965.2668657533	8077.23369140988	23279.7897111211	9101.588613033	6007.05908217216	23553.6712093787	7821.00095992518	3409.14657098704	4873.13963737648	3506.20138518797	2861.81802013402	1845.93549641084	1078.32577825974	471.705744980138	180.676470588235	0	93.7653771873879	20250	137635
33	6293.45460638015	20206.2220717619	7889.47559011191	4425.4331053364	12127.2561322487	15674.5053758202	19543.7214474976	31880.2544570867	32139.6531114627	771129.715096261	34115.3840117756	19599.1771897697	14214.1567949946	35682.9547033229	24438.1940169378	6939.68925565441	22535.6321063705	8445.76040381405	7234.08192645948	19739.4276566865	8240.54703502906	3551.70744935708	6232.91332948759	4207.88824426864	3326.38399896438	1187.96775871427	1242.86819304125	455.806597977197	95.9541207163582	0	76.3787211203452	19721	130814
34	5526.18907647036	13509.037002127	9817.76900078351	3861.20218376093	9251.22656581988	13740.4266499923	18873.3556303207	33360.1783192517	30901.2356937949	751044.407771534	29097.4250892042	18922.0043483544	13312.4434337528	29008.0908487445	25649.7642579936	7613.76370055522	21284.1748558351	7963.52495692554	5489.08040026077	30410.4969812456	6943.49668800278	3582.35687286261	4187.32977117027	3057.71224572444	3481.43519430742	1370.60113814874	1521.34688302297	486.515440472793	204.737785412743	0	75.7045359477216	20204	140920
35	4972.57382546066	18661.3851886809	8627.21177851574	4602.2531806982	11421.8831292695	13391.1143588714	22464.1127055935	26376.3938603417	32590.9203040722	781519.610194454	34894.2559791996	18282.9461514213	14316.6122498117	28903.6130171007	27026.4954283989	9301.50927770578	20695.2928351507	6660.4588846535	7222.98365327237	25024.5987981641	8402.38149878866	4500.8909887441	4577.70601377316	3245.2906822294	3966.64673931993	1958.99868965666	1402.3127379682	451.533509493878	85.9724318050164	0	81.2543569130391	20162	131752
36	6391.37446219705	21789.8596078045	9253.97846375726	4417.27826597369	12219.2665479685	13196.9230738346	19925.7371367076	25377.8545217982	32891.444762869	828918.055353017	29591.2213271347	20689.7705612406	13423.8736726492	29792.2092460047	19684.752165081	7965.45747552103	20625.6879928376	8101.92879431722	6928.32293677024	29021.8443813018	7997.40103697233	4232.72772697096	8810.61819600736	3698.82491349899	3576.85431396549	1162.39046656685	963.841622514002	358.044935287918	181.724072104571	0	91.4972007938892	19891	137974
37	5047.76419319296	12148.56562435	10344.7737451422	4148.09430306804	11647.0751690352	14391.9502203614	25103.1930470436	23929.7841839047	30786.2232520368	830865.02481632	33049.6056027511	17079.7988978451	14134.0734596147	28654.9369487159	20038.2473035109	8451.7899831972	22609.5680935177	8174.10553493135	5976.22562779498	26783.0482322865	7421.00842493408	3455.3490198852	3778.17317488702	3395.05538574631	3680.63859261117	1956.0678535329	1419.99285410824	427.538259540465	137.216296134938	0	90.8290374855325	20174	135659
38	5311.59910797789	19208.8935125902	8821.66398180749	4594.1273105982	10664.4088586415	13369.4133486487	20066.4242879552	27161.4645057573	34834.1552584932	792748.605026775	30624.5978383671	15943.8329063253	13674.8018703696	28694.059741395	23177.8701673401	6714.67147493374	21064.7877444908	7740.58315831585	8976.9884106097	24313.9364169896	8997.23679408704	3552.83316326581	6141.74503025401	3271.08023758219	3460.37770221264	1554.44999772047	1492.67736111544	421.089571643701	150.542999572183	0	86.0222306848919	20459	136028
39	5873.39892816288	15995.7985089163	9748.08035954951	4516.06617541969	10564.5740763841	15038.8514210008	28334.6614844966	22469.7256603944	33020.4785678174	817839.395529089	30867.6045823142	17679.7059125844	15531.1164594515	30640.78088966	11644.7026989026	6670.03712241124	21362.2180915223	8483.71248072733	6882.39992481281	22680.2090282675	7804.4915519301	3333.47355139824	4902.06639486997	3819.64903046893	3416.93576333772	1694.84652581416	1435.14134115913	571.735116104668	210.385109573241	0	89.1325257685981	20135	139065
40	5303.34115882848	13481.2819127326	9590.30222055285	4125.03260200363	11070.685094877	13573.0446607824	18881.5573529959	24888.9952752414	35849.3198508463	792345.548904519	28083.2261874665	16452.183017649	12975.35692004	31671.9964105805	23005.420925024	8102.15809443235	22225.6752613918	9028.03743415804	6078.71454167477	24681.3828940829	7797.05455439085	4710.10352804795	7072.95219887185	3601.97281196222	3659.38777071089	1814.70601679799	1616.7657910866	524.267424019814	66.8295512178845	0	85.1549553273202	20422	142322
41	5823.50081935889	17803.3564884978	10936.9974179491	5442.62782732441	9980.96804379508	15562.2668110414	24000.6016427211	23672.4556463188	33172.8526429405	859963.182207392	30187.8530931678	17825.0827072712	13238.0939567584	30667.7441336662	15053.0662752383	7401.92883299788	20611.4931622542	6688.34805677076	9817.78510217888	21381.4122833324	7132.34363620077	3576.87495831677	7471.23025225482	3225.79028181071	4104.31003821096	1337.5997736307	1002.87510378977	368.282576915044	98.5572438063666	0	99.5416752973552	19970	135807
42	6560.3980055433	18511.3010195077	9064.713815008	5556.05405593939	12275.9916532105	11749.1304920303	22405.170457054	34214.7145224104	34490.8666889779	800504.534729272	29876.7964369467	18224.6466457225	14988.903511395	31283.945846484	22276.4984348913	8107.19883965682	24448.2661350308	8884.35209331395	7058.69351454665	25259.4802602533	7946.55790135515	3799.78720222955	7636.65954254953	3106.49208988075	3240.19500643079	1539.46595224418	1017.13679623044	404.096224191475	74.5391856152539	0	81.9574427455128	20522	136632
43	6045.9270451467	15693.1399275332	9573.68236742454	4527.43526063275	11283.5868249923	12705.3122037589	19601.1464941877	24882.3695767931	32223.4014461846	769948.509805913	29535.5319349904	20660.0601770427	14482.722494194	27511.3835172349	12667.2052074939	7245.08127037802	19853.8566991391	7699.51080815462	8078.40549131925	19761.6482681005	7440.27174862136	4882.9488317035	5404.92672740157	3303.21014629636	2991.12622759998	1865.58426443374	1600.92050632167	325.692228488301	64.5470152705553	0	93.0120981756146	20320	137548
44	4770.60727850886	14367.6850042717	8501.32073945539	4901.73797331914	10395.8503788731	14963.0804515576	17227.0451988653	25768.1710893741	30415.8362631872	774646.328722709	32503.8226014323	24094.347481319	14307.4861822024	32276.2282270979	19099.8343054333	8007.39358796719	21735.4789961531	8083.53822793964	6883.45633362922	21423.9961565151	7426.82878931053	3514.55876795104	3860.7502654779	2654.37203007674	3917.43433883559	1483.38285108478	1763.80349923884	434.887858801513	184.342834695341	0	84.7369745050887	20529	137122
45	5097.33207289126	16266.7338242272	11365.1219676587	4738.36705466649	10507.806652719	12592.2936734364	25800.7086037796	22613.9674955574	36107.9837304642	861795.926907626	30026.914366183	15686.6540226957	13149.3272912775	32892.0554208164	26132.87279266	8054.01371618684	23194.691090546	7884.54246028083	6220.29870802414	25488.3866778316	7580.40384371668	4302.49250067824	3768.87265428128	3658.57185190108	3122.89710342918	1480.87941848413	1370.6069127076	317.625945826838	272.060333478019	0	87.5724307932427	20541	135852
46	5534.72510992081	14357.1663738391	8507.13596797752	4094.58488474105	10303.2457855217	14192.965457219	18417.1743669712	23615.9978549253	32845.4624266637	755362.338932295	35300.9142816227	21543.6497923071	15210.9237940908	29287.4275191401	12769.9034256911	8162.44411790282	26014.5563623538	7463.85764870387	6568.19054936839	25125.6319247403	7770.30379388629	3784.8782642575	4069.87486615818	3381.47873641949	3222.49785769872	1893.99533098709	2213.8549179664	440.13952711372	168.572580673158	0	78.5712051624419	20237	134659
47	5341.93561451907	16182.7087586286	9213.54727793001	4354.72209053054	10010.0501446666	15590.0212332855	25677.7519806956	29926.2500534286	36216.5052924034	862364.421257436	36663.7766128433	20546.6445384088	12869.7401144381	31046.0574055251	15259.7073302031	7793.12822796834	22545.115739252	7626.32279423665	6720.11761811842	24342.243817378	8297.95210042894	3855.51598421542	4774.34556485139	3139.09002512128	3686.06050037328	1674.81006287189	2231.24294406146	367.398125749126	104.311860474473	0	82.5781451627098	20310	137368
48	5156.88650557536	15113.2087791628	10778.5891682078	5929.00399280878	10327.5626607536	15054.3633897968	23267.1313477204	22993.0980976648	29605.8091345728	844630.914066645	29485.0674475773	22166.2699033541	13486.5963412121	30187.2526520298	20113.1285001846	8502.12402276691	21894.6737360989	7294.33375938819	5201.54604481776	20663.4131296326	9709.42381263217	4562.17846488702	4411.71663897438	3475.73047004178	3781.03436805869	1907.41117372953	1559.93391719181	498.817693901912	185.918190706574	0	99.8147745660276	20459	144675
49	6220.26805203249	14129.932218794	9334.1234935843	5058.21322419774	11846.7647012411	14258.0300104938	20888.386848318	26304.305137249	32794.0630005132	777871.110856349	30307.3445984186	18338.3958733567	14013.9787705234	28361.1771757399	17448.4611820809	6803.96491191509	20119.4778848218	8557.48862696656	6483.20529404257	24275.0329311451	7270.54760317312	3482.5260412072	4618.96691933659	4195.19845299244	3272.51898505216	1884.92820473198	1219.19234095206	405.499874675684	81.6679563054832	0	89.5305248724844	20202	139279
50	6665.02736655459	21110.6801587049	10732.2327948986	5217.18288054723	12873.6166937365	11805.3233787856	25451.2964473729	27397.2928164667	36441.3252937174	833515.935030365	32306.9307148431	19129.0835222643	14358.3939915314	30898.7555280909	24075.2480226772	6874.03363398938	24342.853094932	7091.59661751337	8131.62377459556	19305.5818513736	7079.5889749525	3790.76812527477	6467.21748996252	3168.01461364073	2930.22751409329	1878.06598818352	1609.66868897797	358.168149216402	81.8648139112418	0	86.0185655775678	19930	134193
51	7345.88721561894	22526.3699931239	8318.2898623605	6408.94925965605	9990.83315318268	14577.0888129994	18052.2666172771	29950.3354578682	34940.7062541552	791235.188951001	29742.0805415798	16975.1191991747	13015.1498850349	29125.2756432331	15715.5053042724	8019.52983510617	21598.5528070366	8102.75314304284	7432.8025201894	30072.9753373838	7469.53058198043	3718.73202225498	3926.75310533383	3698.53267607135	3319.15427596239	1396.9809219263	1538.11383040123	574.731362829678	171.571757788812	0	83.7171641596142	20364	131749
52	5519.37228198	18496.2052128698	9933.94105318051	4166.11092610872	11820.1392177055	16016.0017269865	18696.565698527	25969.9810351511	33233.4353730936	857219.562438967	30841.9414772787	18196.8899597227	13230.5789623297	28986.5865910221	23050.297000306	7958.1120343788	22773.2394316156	8603.38017076425	7228.13703389164	16593.0917121216	8273.40014209525	4284.47022297793	3335.81307633722	2821.18115713339	3282.01963844803	1509.45344970506	1299.109277978	417.256996061164	135.945675268736	0	98.1751515650141	20296	136620
53	5090.15578303691	17079.1607516145	11801.2803259941	4789.17744663944	12749.3783157801	14466.9448065272	20994.0513650097	29909.1441414647	33950.4173781145	794316.05333894	34407.7987434747	19557.2267574287	13006.7420467058	30819.521319956	12577.2340440641	8186.72322262079	22900.7128135963	8295.6574208525	6561.37102622531	16446.4025113483	8923.76731920119	4299.71309960606	6742.44464905303	3653.96665194326	3201.09095303817	2155.19162357355	935.007960851895	466.970797103959	106.035048016345	0	83.5120131505576	20473	141760
54	3500.73145107844	12966.6453885073	11873.1385819432	5014.34788470713	10931.262521999	12625.88384028	25103.6324606757	28746.0096319917	33966.5313804855	813970.855584668	32752.2489429989	20459.7567126765	17548.475415357	28565.5651179826	19514.3735945331	7574.78030020901	25198.5973231483	7823.05293611478	6067.59125552142	24655.2178779165	7498.67801458098	4895.86412032037	3623.26831146244	3296.72804531005	3633.21481426241	2141.38680594898	1384.93468663803	290.385897394961	188.206111111111	0	83.5197464533641	20235	136866
55	7320.24014154702	16698.9349255006	10272.3737572938	3898.08348741277	12886.495643763	14357.3330901588	27758.6861489913	29576.2306360663	29926.3252644694	800373.409278807	29869.8314105241	18943.7849100625	14674.2623328113	33001.2395051289	20239.2526103222	8153.74695394013	21188.7258984945	8320.89327181214	4930.42017140412	24995.2104218213	7741.25973625381	2852.36434767124	4923.83022567653	3319.23113052674	4272.19551080953	1958.60221378671	1152.65572383988	311.769991562157	102.356260012882	0	85.6246514753153	20059	136778
56	4619.42916027659	13690.8729123762	11313.8145470565	5531.85470418201	10697.2206395547	15240.1611218968	20097.1684145801	29849.6997885296	31672.5883086338	808063.268571446	28281.6593609433	18073.5182435008	13279.7999266036	31396.3293882351	21728.1742367957	8723.17080013375	21878.4681627594	6989.65978993145	7353.94157503692	23711.1502597826	6906.55657351368	4165.3267497019	4404.261478193	3151.269610493	3410.93109063588	1824.27006775209	1392.74945916854	519.331753658667	158.115249677366	0	90.1339120183676	20232	130131
57	5867.19013587277	16369.6026430567	8798.64846405931	3994.16287857704	11534.1388391313	11718.7501284883	20717.7461690099	24239.1848927916	32435.0868837886	779473.377920032	33171.6801020968	15726.220210601	15058.8440893904	29289.0690903045	25367.2067052321	7790.71066798582	24330.5609604958	9461.87018436223	6231.69219544233	24315.6005204628	6921.58282714636	3791.76815344572	4186.86388540657	3933.66117497689	3302.8668474348	1707.09337312454	1337.62700861763	340.626950460875	104.877908282896	0	83.721337080555	20279	136437
58	4973.5714468207	17552.3632640782	9477.34009992236	5778.34342929896	9637.11552936255	11169.2535307092	18137.9083134014	27159.5146679619	35428.2850581139	810434.188430538	27691.6944891954	16835.5910069341	15896.3493987891	32943.9595363632	18011.48331694	7219.89614448285	27762.013262741	8453.97732594811	8437.2966856131	15899.3089518126	8593.40881306961	3976.66742851487	8285.84847245772	4036.88176843137	3742.67958294921	1689.84328209872	1392.26911558745	451.903953824351	119.033915117417	0	86.8003608429784	20585	138299
59	6363.06292835281	17001.2420256818	12108.9600621036	3867.3227148801	8532.25958772947	11690.648519014	27561.500328836	24847.5222889141	32522.7137234912	778153.978407536	30853.665801317	18071.4049838062	14333.9789273391	32066.7982396685	20015.0247287299	8945.10973170371	21977.2861297877	8165.80780298881	6758.63472244053	24791.8217952173	7770.97520576405	4462.49015169288	3979.25730729131	3449.95810806056	3490.9258827097	1776.53395542421	1295.08148697096	396.682955353719	118.149956998508	0	83.1585186538683	19989	137884
60	6629.94045070436	15528.9681766613	8751.07746699439	4615.44802192497	10479.629167914	13975.1820039717	21570.4473062691	22526.9548372224	34410.6391952619	736181.889760773	33537.9486231371	19022.5495316913	12765.856248863	30821.0271056344	28241.2856516588	8694.75491462834	20366.50096412	8522.36702793332	7564.92658818742	22301.9878638088	7102.18013447738	4195.16629645605	4724.66028922362	3070.90667317604	2927.23935649861	1733.9874576126	1445.29847182141	376.101645916228	70.5739096116218	0	77.9221566257085	20189	135488
61	4585.39699716248	14381.9293408375	7535.4363605964	4461.73997130595	9472.23824127442	12111.2722562076	22387.1965580613	24110.0661428133	34804.8812236828	828769.455946857	34776.1355917586	18009.5876483879	14200.300541666	32707.0812577473	22361.7878203056	8734.06010451316	20348.5910780348	9543.32754346866	5942.14414524447	23445.4466510458	6751.9539827243	4982.40065517155	3629.48482198737	3514.05458663496	4422.69713900979	1747.21750192704	1727.98506853111	352.553005914275	106.836002804258	0	83.7661696169859	20276	136367
62	5613.92703952653	18870.0920805894	11485.2885493505	4789.33363081322	10865.8261434533	14472.699535204	20801.6829608781	26004.573035478	32382.3925706249	816789.307704373	32830.3702395002	18721.288512692	15148.3645809567	30325.5022969984	28736.0930290561	8270.1252476515	19737.503611161	8598.76478987638	6880.35209724241	24115.3235598783	7786.26846303925	3846.25598301041	3311.50394192998	2649.43852366014	2669.03019549734	1820.47868735975	949.820036028995	332.082079552395	158.362439703796	0	88.3004978994256	20384	132971
63	5844.31122395864	15340.3486872192	8110.80329079002	4516.71323224372	11476.6851344097	12251.1195484814	23077.9994167645	23093.9233927594	34700.6003919162	766604.245225205	29608.0384596772	17978.3386903564	12554.6611710692	28906.0800656648	22677.0235450361	9052.42325525044	26944.9401905666	8041.75252600006	4855.29716323355	27854.2312931903	8810.1982361187	4481.97890002336	5113.0673980574	3763.59975527996	3460.32659217463	1895.16788400602	1478.51895493502	428.636794235705	93.8693207372501	0	80.1022551858848	20231	132961
64	7496.03335425946	17392.9215720925	10755.4152853698	4479.05688884857	10156.589513813	12764.778496277	14831.2127368093	27095.8758903448	32605.5616932794	810295.17365383	32440.3721941255	25306.9418822924	16038.154731676	31083.6207521439	18266.0601198083	7899.7619740162	21507.8325302304	7906.96881893133	6687.08064815419	29745.5620413006	7939.67821822733	4461.52291040627	3653.26355912172	3505.05532739731	3804.88201534257	1612.37051367945	1522.70032387587	642.841889266839	174.302021841545	0	84.8782430889011	20258	136611
65	6736.63216050318	20534.9316461134	9310.26703708817	4384.26408092908	10993.873286841	13030.7451971224	22393.618656853	25865.2366904246	31825.3047704961	828810.721071803	32683.3743273286	16827.178824998	13984.5703439029	34472.1729757398	17636.67526087	8965.37969512193	26902.5469536911	8401.1750239731	6201.3433154013	25359.7269648404	6831.45186054824	4654.57476790204	4624.87035680592	2756.06448201128	3713.25662958434	1220.56508098781	1877.98892646826	413.752968794938	180.981473765432	0	86.0109282091563	20525	139137
66	6880.42289633217	19266.6911143952	10781.8893864153	5712.91603358159	11082.5069100477	14089.7491213072	20673.8740583863	26600.8650203939	34511.9348765527	822584.961569516	30661.9508629601	18737.9089230262	14316.8984147142	27319.8823376688	14166.8168053378	8188.68856527553	20933.0145537507	7809.53229714807	6108.88562190315	28952.0226400338	7756.85871416117	3830.23451310013	4236.02389237604	3332.15392675113	2838.4312323704	1482.48223114917	1643.33011745804	375.844694754286	115.531038342792	0	91.2809157886969	20112	132854
67	5398.41560194736	17794.5026899854	8808.34969716964	4713.20771096536	8754.6936997501	14692.7885232628	22380.0211357642	33279.091370973	32854.1895070801	829898.295046213	30963.8994891374	19365.4499245871	14021.7465188872	29980.8151183095	23759.2561783975	8423.72965112903	23866.1150689408	7945.14334826287	5880.41682016062	30331.1821000847	8929.91113084047	5060.42803787115	4627.78805877483	4144.00353849357	3187.47939012674	1864.32568456296	1320.13905166641	332.579788516318	125.872441183094	0	81.6552530175354	20249	140284
68	4518.40083555994	14768.9697502538	9178.73233621742	4191.89468680999	10533.0978977445	13421.5659583255	21289.4571827455	29304.2114443961	36077.9069939692	778299.619531003	33044.5534628394	17148.8891652944	13691.3556936064	30874.9392649287	20796.7463482855	8412.46636019166	23015.1404631622	7948.32814013953	6655.63244646367	23435.5274490054	7097.34557082952	3665.87174649142	4415.07730259291	3189.7393640258	3740.83500306473	1526.07713051221	1266.93871859371	529.004200171436	130.36356526839	0	78.4383894531624	20022	137549
69	6294.44784452287	17159.6911199891	8920.12122740065	4692.42727552813	9907.74766655447	12888.0850910356	20673.2952691499	26681.7051468876	30097.6041132287	818719.518593357	32026.2005807237	19579.2500730915	15751.4331192514	30029.8245067825	18851.1283597109	8126.67560736978	25611.1073071471	7008.46349487296	4874.97634645855	19356.8414587274	7116.751681694	3757.62905799195	3492.59199501198	2453.35293195008	3778.78535492373	2181.38394335072	1164.02713349151	324.262021447674	38.9310455938531	0	90.5953514929422	19800	129321
70	5605.89674768602	16940.3306589887	8718.22925581659	4346.40261535152	10536.62333181	12066.9153497819	20650.3535309305	22560.9730699488	34412.6687429018	821042.996079151	33760.9279943904	18526.4298413625	16683.3456054119	31563.7518149839	21355.8795872687	7274.63854225042	20421.9594901367	6851.79310881346	7030.48806717397	25258.519979754	6890.6790158222	4036.54558726037	4326.94510247619	3545.12979417231	3266.15341933533	1852.14447740454	1715.20232935464	383.784540366675	125.797227258405	0	85.9270823792075	20516	139476
71	4195.42765301601	14009.1447627829	8062.99498862723	5373.65624119984	11584.4642512124	14941.8006778955	22616.4923848412	21113.3210917371	28309.7745606571	808465.399831234	31151.6810928377	17880.8897812001	13712.5578351055	30284.2900110221	14282.1586184296	7939.97520890923	23702.2860969658	9339.63919541465	7465.36716791562	20472.3959259131	8001.28742032257	2816.93410078044	6409.65095703296	3875.4896039069	3065.02531142797	2519.30732124874	1206.64954184659	474.331917493162	112.631406447111	0	96.9972152743642	20325	146120
72	7025.46696282962	22438.649870921	11552.817261943	4550.57334281444	12142.414685746	13215.4966885454	19534.4712152836	26772.1789153239	33269.5188926194	834990.509420601	33408.4819680829	23287.4521583418	14308.1291704634	34555.975825731	20491.3727840422	8918.69718828747	20657.8802104889	9243.83753729746	7649.38827550052	21103.5749377867	6430.12098163164	3166.36027526619	4459.77378130518	3602.92529891198	3140.65923985867	1587.98824552604	1575.87010201373	304.067388842078	113.619768199434	0	89.74059634205	20971	141433
73	5479.77082570315	15479.9318631047	7775.89689599782	4813.49960218833	8562.70565709829	13032.6714190816	22348.3701345159	26403.121397748	32685.2493597868	840473.465428238	34479.508112171	20310.0718281573	13463.7154658178	28019.1575473075	19291.7585300178	9426.03520642458	25091.4108653524	7902.81659766237	8273.42385148134	29393.5177581287	7260.10907531031	3725.51397223934	3793.41776985991	3487.79467118653	3095.37882569359	2107.60782254105	1292.5160369052	451.952496488317	84.1550888890965	0	86.8743163077321	20185	132287
74	5532.89683935791	15496.0412465711	10127.2234662409	5025.69460567771	11756.4699743614	14094.1941355108	24812.654089846	31553.9233247142	33483.6620634889	846794.547750118	32904.3986744568	21773.9703654494	14293.3763334369	31617.2812009184	19772.4180722972	7769.9882784479	25286.9512385374	8589.01854990927	5868.05948876238	20463.4461720926	8362.54029042759	4810.94810014581	3220.46844324058	3626.85515431973	3303.63752519396	2105.45062570554	1851.7615799482	423.381315091486	73.6886016367331	0	86.2643711399956	20110	128442
75	5656.56884339642	14328.7590875711	11160.9634009396	5031.06906800588	11195.1639379639	13433.8650932125	20609.4734325561	26420.89666493	32723.7511276565	752964.166248776	29185.5859805191	18799.5169509825	12723.9105326985	28048.9429494297	20650.2779968164	7726.26862048059	21817.4302099797	7785.67842661773	5768.53021303508	24996.9812341263	7249.64894976238	3412.93269224973	7265.17577516684	2999.20837920372	3335.89759762411	1706.67041275334	1345.79307305117	493.075267349903	212.507150376381	0	85.861569475744	20247	135322
76	6030.33439939676	16256.778119958	10324.8291645137	5498.45739414656	9791.59217985739	15108.708405129	23082.5447701828	22264.9508581483	32809.2711389561	800690.34791689	33538.1589819326	19778.7526910696	13294.636042913	30369.9729529422	21638.7579717403	7839.60979032123	21663.5048162578	8873.41850292276	6617.22400702676	28972.8545853689	8732.28993775431	3278.05490856815	4826.98934912976	3609.06349052489	3892.46057170205	1494.33055527839	1776.58494202198	444.446573318628	222.938675529272	0	85.8795862301748	20297	140274
77	4300.17870840025	14702.7255290498	8808.40273460481	4318.59556368354	10823.3494662584	11521.9855771678	19242.7743311991	30564.9456611202	31138.4600502264	845184.011257283	31145.9686743616	18859.6408937115	11763.6875055571	28609.5998956292	12358.5096971616	8647.09663525424	23435.6979933333	9119.71543044479	7549.20428203724	15793.5337075726	8084.16402023941	3518.63361097173	5197.29654816945	4025.72036880003	3623.57251366518	1647.66034818099	1274.19468699645	439.946615395555	148.535017713351	0	93.9174719361173	19813	136624
78	3711.00127795443	13094.4378540048	10971.2683898646	4410.15425906427	9986.64231899344	15835.0246527462	16361.8846517527	36646.1763524013	31164.366942293	834261.431923597	31607.3915983013	18754.5663393248	13105.6398450524	27756.9788987294	26695.9473472299	7801.47103676551	21872.5514237883	7995.2019797154	6503.99699343044	13961.7358724936	6863.39455454169	5079.59635900788	3709.33802033955	3632.55313643833	3441.90932963499	1394.35432539891	1807.42938394374	324.422552943421	55.0527979833021	0	84.6227221835156	20159	133252
79	5555.41441020433	13817.6718628626	8887.38533037783	4890.73486100364	11379.2900585301	13164.5527784375	21722.3677843877	25715.651904061	29862.4078788315	833670.355392054	33395.338884837	17980.8442375731	14493.9574523894	29928.9965237207	22369.7767434264	8241.75749832224	22949.6919489224	7746.32190671102	6214.71043665032	13633.9839237281	8044.24375166651	5234.33296756202	3978.96664217148	3476.57304411834	3088.99335041259	1787.33460096087	995.473074637418	506.87025781038	215.293705579028	0	93.4040309150407	20745	145950
80	5324.54379762564	17413.0975198144	8047.93736119516	5134.53628503887	12077.238803635	12651.5468150297	20953.6908518344	29011.4505741602	30413.6769943993	839945.715693101	28541.5529001165	18766.4939385238	12919.5854454855	30144.0444433033	18721.658736586	7819.66271829025	21337.9075119578	8433.01213953258	5849.08225104931	21071.445863507	7264.86914578609	4072.10266995494	5352.01226628262	3607.33328304385	4011.16172945489	1499.1464392841	1619.90743937952	289.324128868615	103.363288016572	0	96.5154983819634	20030	135426
81	4454.35691105057	13052.050610799	10256.7640939381	4777.80697026003	10825.3540394108	11256.2999835896	20778.6077002144	24406.3911903259	36001.487466303	789012.72778831	31110.9461043413	18233.6426563757	13766.4480204793	28951.9884580412	20940.7176538602	7851.3694464198	21916.365305812	9878.06284772278	6371.38080179757	22548.0775776006	8442.51181445982	3984.12230081066	4995.18290857817	3545.01280615569	3522.65167277497	1121.73178262258	1342.43785020277	385.21680620431	180.808022915381	0	85.8040062007553	20020	134991
82	5140.49463611379	15792.4414970846	10482.4863622666	4230.46696174844	9916.56248676162	15361.7453665626	24628.0729835476	24936.4881967445	35856.0697407609	847551.220148124	29423.853889844	24526.575821129	12755.5311012968	28092.502936743	23153.1432345465	8141.40410254182	22146.8670101631	8067.12433210303	5468.74184451631	25944.218773194	8772.08755210163	3303.23400491089	8405.19662839965	3564.32013029397	3286.13828629484	1458.34760765257	1356.33703484404	613.605359161318	188.019435194092	0	88.8359693895119	20284	134803
83	4866.46119202081	16563.6666762297	11563.5399648729	4242.10448687102	10164.9332932913	12963.375338702	23596.2428769473	19974.5118693639	33521.4565800217	753265.456430976	29078.7493599837	17077.3698124361	15222.2938183415	29129.0286729944	21011.0342529734	8434.09644408408	21905.4108498447	7375.75290822483	6467.73585056015	19412.259679666	6492.01191369927	3174.31584662498	3576.83543988647	3428.96572408733	3406.58535211395	1713.65583850119	1412.05418701671	441.240567376028	138.324603174603	0	87.6907749194265	20240	135589
84	4695.53383737166	15176.8763338512	8345.83914476049	5076.65873995412	12857.7668337818	13269.3557939684	21449.6598093588	24567.7117752591	32943.5587289808	813262.752224486	33668.3359663209	21965.035716991	14804.0382419167	32865.4015806388	18766.0968578705	7306.43266714051	22803.4741580021	8309.45605988019	5820.38069914538	25677.0505474996	6842.54477652386	4458.84541502102	5149.38369414378	3783.87570796996	3180.54090505996	1826.63697261191	1330.0628951301	485.764900947833	143.733069561158	0	84.2169605292465	20468	133879
85	6652.45460945177	16213.5835981628	8361.88306306319	4886.57993037232	11711.1353218197	10953.9247354147	26236.2716037163	29992.8362607892	33331.0684274208	758324.464270235	33368.5127006412	19483.7518579085	15332.9833220539	29250.1444381958	18285.2512253375	7067.6172016752	21988.4381836576	7554.74298330391	6534.28718617539	30275.2362767732	7291.77191664617	6281.49239846812	5020.32389006806	3193.94812549835	2756.11542446272	1479.88255551129	1676.50222040125	446.831117957411	221.618218607088	0	75.4497114227791	20740	142029
86	5156.27312787854	14273.3840570769	11005.6751824507	4528.99050689858	8421.09569494593	14849.4044904904	22568.2360159425	28521.4278673953	36853.7336105705	767575.631241965	34972.9484071994	17730.9222672409	14493.049883596	28626.811825539	15053.414660566	7287.5687509924	23053.8663558546	6654.19068457782	6693.33267308341	22808.4112862593	7517.61553712845	4873.97286833263	5898.86887485021	3035.99460109724	3065.29709737975	1821.74711611584	1504.14446365703	441.646317707591	179.539311943895	0	76.6424430930712	20440	138102
87	5533.00283408155	15121.2318654661	12385.3281022976	4697.2998012113	10686.3206090013	15585.504252448	24115.0433987477	31762.1117689709	35655.3191789824	850224.641377708	32717.6415095032	17124.9773748974	12274.8042781057	30003.0834321857	17600.0863606307	9620.78324234173	21803.2199739258	7659.15986305036	7396.59156132801	25025.2615997924	9014.08453287541	4095.3125632826	3913.13773356875	3851.2380966544	4292.32219343608	1663.33634984173	1706.53462509473	351.697654956109	167.126137659511	0	87.5904891295261	20448	137475
88	7118.31708193472	17230.4772808893	10520.2436261314	4559.50128646804	10327.4728821024	15371.0047255707	23042.189044905	26177.8494184852	34108.0367584012	760370.989326934	33429.1384848308	21660.5652631385	14722.9075403771	32448.2800713619	12549.579483583	7461.80743362226	20084.8293851347	8935.93693023095	7073.36734782094	18706.1825361783	7341.73031443492	3732.09277431505	4228.83070816423	3847.45689703954	3751.71565352686	2426.10893633636	1466.57530644808	519.377944037288	190.792522974102	0	81.5817503722418	20403	141527
89	6683.85285627571	18457.9408699828	12092.6472893317	4695.55889649237	11485.8079400143	12076.5221311335	20022.8007179541	25195.3044145147	31711.9673965126	786177.124475278	29026.6309690713	20178.319332042	15345.8960226453	33703.4549769943	21628.1955841675	7741.93184451777	24088.7531493282	7830.34681639861	9397.11577061688	22353.4586941323	6828.06377892085	4286.83296444113	5117.36022105413	3748.20960096483	3889.1208323265	1726.11632340548	1474.84240907473	366.334983083799	77.0290884912511	0	89.8691420096094	20402	136089
90	5780.24592036768	16636.7506639394	10423.3043117744	4833.18162226108	11435.2623796489	11377.9200425033	19774.8958541273	23943.7747976512	27874.0353866027	833391.210101564	31254.1700464507	20998.7595474562	12919.9399347632	33050.5562115035	18274.1231734084	7881.67644017619	21983.4367261926	7186.04250109437	8274.32837899889	17577.3417737623	7797.45204078479	2939.83771264943	3920.41388867463	3420.09317406875	3471.50193630819	1753.49533251688	1276.15718618665	508.536817575892	76.5759327408672	0	97.9125409497948	20086	139105
91	5013.46795703211	12620.9190593392	8857.25630528063	4031.33053980606	10709.3294233665	14649.9025447152	17810.0477474239	30573.3256830114	31883.1605706543	861929.405982098	29605.3210096669	14395.4247823485	14370.1469956915	28400.104056804	13489.9141650281	7352.62986184034	21435.222586039	9201.28370573182	5625.41854086219	22564.0612778177	7947.95494992081	3806.32413442449	4525.43393312799	4340.04531713634	3904.56538227284	1816.41739749259	1172.91569046072	445.737657617584	128.225573476702	0	95.9956103971805	20571	143153
92	7613.09996471326	14479.2025033193	10557.0091142296	4475.62935187245	10084.9579497754	13210.0866117197	24030.2057830009	24775.4879221274	30449.0560498093	807819.302075511	32783.062045288	20232.7902834507	13775.5772561247	30159.7880765652	17620.6762217151	7845.44801245435	22945.2626244	8321.33499933456	5664.70106998574	22807.7719322414	8239.3493236029	3974.44120300254	3792.91686916647	3832.69728686347	3186.4435871714	1852.88546437467	1411.91234253111	417.985489966884	135.685153909205	0	90.6600834375061	20255	130727
93	5225.38893463584	18315.9407447372	8346.09356096542	5086.55638914736	11139.826342737	10502.5068701775	20571.7450669178	26553.888844143	32541.4061927034	824352.029619515	34855.4376920396	20096.3761385557	14575.4659902322	30833.3981337298	16920.0848565115	8943.90805698707	21786.5170388195	8296.89609833875	7036.62118333876	22366.1227802333	6710.78818179904	3832.70116254762	4240.61713762415	3322.92289025538	3548.06591333133	2264.27146193918	1483.29219466733	408.194051195757	121.672459867871	0	88.0686851080251	20257	141720
94	6078.84128688442	13042.5740864994	9241.24909100601	3911.87672236446	13319.2115794329	13371.557022694	16604.6376464926	24298.8276666484	33031.3391833497	819400.485953814	30779.8681359914	18231.4935645439	14683.8584149956	30811.0484216104	17103.9434102672	8530.41817819423	24151.540732593	8073.72300153395	8912.45529533091	23359.781525751	7248.90105047843	3894.74750800789	5229.56257130769	3715.28745859336	3973.2164591999	1591.06300621032	1586.69252237704	445.812076880585	160.202236635659	0	93.5791688104727	19925	133121
95	5483.37791422808	13457.7717619037	8018.35961265148	4223.49485965807	10681.7084586332	13717.5419435247	23134.8799238418	30216.6615692485	32545.7677253948	795784.404556358	32803.0873981658	17634.2384728935	14764.9352383695	33234.2561659674	27279.1076948398	10483.1403583656	22353.7028318147	8067.06694423916	7824.66028597881	25629.1573610811	8003.42404555676	4249.57598985332	3911.50132213049	3351.60950496434	3276.04865209378	1985.25540159731	996.096997386353	432.47518542892	84.75	0	79.7003529657955	20636	140388
96	4269.25781643859	15286.8473039405	10043.5069372296	4598.97085220692	10504.900142997	14472.6426138331	22602.1571429519	23832.7793948868	29803.7849125814	803535.05052977	34014.5780445834	17213.4391421189	13102.842749819	29476.4829549838	21818.5455308292	10154.1051849621	21743.8595919215	7708.14723097953	6252.75443675584	27811.7910938678	7084.41769998604	4883.82852250474	4486.75302879878	4069.17308969773	3656.05565373474	1967.38773015127	1182.29676302512	451.707975425834	135.95622170182	0	87.6586005033784	20216	132469
97	6415.85473038724	16137.6217139794	8507.75273495151	5088.05668520627	7928.40251370516	10868.1926805449	20680.3665909954	25259.0271629559	33135.9581011793	778797.205133796	31968.4542927446	18657.7245687486	13474.2848550888	30005.0163675422	14625.7591990972	8313.44437380985	24545.1073066361	7300.21467718109	5927.10238975371	22164.6224526859	7266.85391666914	4759.37397856755	4383.29105306813	2631.87606656745	2689.14154360299	1580.59890837992	1524.10760019318	440.74971159337	92.835151147113	0	83.8476615459509	19710	126801
98	4776.02458888051	15532.4886832975	10861.0983612286	4135.09277353095	13016.9724653418	15726.1398686458	20162.3461822718	24499.5683842689	31394.3536406324	899576.15749425	31916.9239512016	20226.9130534714	13371.9133142087	31479.2998662613	29481.2234917385	8466.83000227438	23040.9671756803	6822.71940704708	6568.63829188356	11860.1664283889	7203.8051494988	3933.58472830513	4379.18238198778	2681.14590871518	2638.80846672468	1686.16753398349	1416.93906968259	339.680153144838	145.329832326452	0	96.0147126525333	20213	141070
99	5084.88162343717	15000.4839783235	12874.0349622328	4792.3547987564	10491.6075078091	13424.2955867679	22967.5925422892	24726.5821309227	33106.0613078025	803002.426498036	32415.2946284943	19652.7090224421	13590.7780349292	26588.2880552629	24306.539664798	8073.66052285121	20843.8650296964	8900.95247426461	6179.55506575052	21043.7577776855	8247.96863688094	3846.64242970827	4025.56791715003	3092.10516510858	3074.84515873939	1481.40934264006	1762.34353980311	359.225827743129	219.452689775934	0	91.0117940760155	20524	141243
100	4783.87480173563	15227.7101951165	8872.23585219674	4561.01222226074	10995.5282645269	15141.9793312419	18567.8486413948	24042.477555112	33574.2947060725	747465.522604084	28692.7573438034	22676.1942353143	16583.0221602228	31124.1287201174	20537.9778520106	9799.68849650512	22574.7210644344	8791.65973410969	6639.5072819185	19047.3248172248	8307.83610695998	3916.83168200447	6047.29247314896	3355.25063341771	2962.70584006166	1687.45096258527	1500.4692172929	316.198112771866	178.303089597554	0	85.6428389573763	20441	143025

Average (AVG) ping-pong signature and standard deviation (DEV) per [nt] 5' overlap (last 3 columns refer to avg. ppZScore, avg. ppSequeces and avg. ppReads incl. standard deviation).
	1	2	3	4	5	6	7	8	9	10	11	12	13	14	15	16	17	18	19	20	21	22	23	24	25	26	27	28	29	30	ppZScore	ppSequences	ppReads
AVG	5608.0101340459	16124.5880143302	9837.82602277062	4735.00174567699	10836.6403427673	13407.0031706803	21846.1875680927	26561.4201958969	32916.9811804158	814542.546466749	31887.5050031931	19295.8144170981	14196.8546740232	30809.8527547804	19967.5424272295	8067.41557930936	22583.0460765957	8208.60661544321	6894.09835030951	23214.0519152495	7814.68459868286	4057.11461622243	4933.48769068648	3478.2880817403	3411.29685194816	1743.49311266268	1444.0438875408	421.543335264664	133.830525280473	0	87.2653679214451	20278.53	137009.47
DEV	873.695719594356	2310.73256697359	1344.60901959992	542.618377282283	1054.50672229548	1445.15511865824	2684.25920733145	3204.35208110321	2055.91673548724	34796.5751375907	2255.63396922466	2222.66997663429	1108.87131411408	2033.1342698238	4146.31322558809	737.361590977729	1684.05278227053	728.80415144772	1169.67827315718	4188.30942004449	827.00638548569	626.437809307639	1515.80203790929	409.422753217395	419.546015618915	295.169731305354	261.944342682947	70.680993928237	47.3693607794373	0	5.43740625327009	230.973827738123	3972.22018134695


# # # # # # # # # # # # # # # # # # # # # # # # # # # # # #

