Ping-pong signatures for 100 pseudo-replicate datasets (1000000 reads each) based on sRNA-POC-50_preproc.map (2812767 reads)
	1	2	3	4	5	6	7	8	9	10	11	12	13	14	15	16	17	18	19	20	21	22	23	24	25	26	27	28	29	30	ppZScore	ppSequences	ppReads
1	4560.38334968854	4839.82275036523	7928.8036747238	6578.19655350444	13039.1298794906	10679.3932033483	14809.305709199	25276.8665930712	31655.2718306949	734310.462157769	23033.0073633484	34954.6343633484	15090.5950535645	17574.5215268345	15088.1446619046	45923.603110722	12058.0568630709	20739.4252808058	7040.80701709245	13446.1781187858	10322.7140100292	8389.78156462149	9919.82797048369	3863.7996005403	3853.40892085007	18192.2605815657	1705.795529431	1470.46352818362	430.173389564515	0	66.8015389395802	29112	219438
2	4329.70210472758	4176.89575261608	8194.94861170494	6578.36469916525	11845.3249251738	13163.9453014451	13590.0089246724	22147.3382040898	32571.6497084206	677885.09134454	19960.3372268942	33452.8256731407	12232.4384367624	21846.7465581619	15121.3607165447	28404.0086071155	13795.4821575517	24985.4157530444	6434.69591902674	12101.0380809469	9280.23500487441	8671.07817701831	8028.61190595801	6491.54149891707	3989.75289589268	15991.3469928902	2342.3609716363	1357.90091263407	532.78305672743	0	74.8691392627583	28936	217365
3	4942.88063065965	4132.68535645644	8156.60449729725	6741.86475220255	12679.1078667316	11107.7259418269	15315.1264026189	20825.2282768393	36369.9420268605	713349.582367812	28864.0363251486	29318.7955682131	12931.7026439879	18475.6663379604	17721.0284475631	29161.3365438654	13250.4014964689	25786.7967921864	7357.31285568729	12940.4807165975	9958.55361487468	8204.99500696813	8374.73558607038	5716.85610150347	3093.29277364029	15880.2255188423	2008.16281399148	1242.38056186419	525.590625460029	0	75.9631518041426	29801	228737
4	4356.06699729191	4789.71776868979	7856.62053694697	6302.39336564385	11829.0080491659	15875.5065870477	14793.2173200592	27607.7231037789	33007.330192993	728016.101304724	20573.4513765794	36669.8921404045	13528.4606160771	23651.9361317683	12821.573999445	37901.4206352916	13638.3522565349	24186.3964773876	9569.10514651271	18243.4681743171	9508.02796383414	6826.5409334849	10112.5400032719	4878.26872923844	6232.38578242571	16581.478126387	1854.70508002532	1896.63399971954	401.223331234291	0	70.5086905010674	29062	222746
5	4925.77688541585	4732.29693101737	8333.7255458699	5545.19785674432	10680.6132090266	17660.7259253577	12240.9178812416	24143.7530788924	24787.598168247	805152.738532874	27903.9758557016	32629.4640890395	17092.5573654331	24131.6736147374	12956.4355953001	28785.6931340312	13774.5981371761	28085.4849585423	8569.5490507007	11480.9414108508	11133.2369316033	8172.27807725078	12335.5695398923	5865.63500401446	2763.43342180249	15490.6796445464	2273.93802144212	1534.63030677264	593.925222953137	0	89.3178510480203	28555	205277
6	4883.65665662015	5184.52686216838	7031.12848881488	4875.67005142135	10805.8670665236	13074.1524879457	13984.2737257831	24422.7327681335	23139.7939486546	706562.154103271	30102.2613486441	28252.6784484621	13785.0060086447	19333.1009064611	20679.6407164955	19455.3003953171	11545.2108611348	27406.5036329896	7314.46561536879	11023.0565232462	9526.90262678964	6928.96399117629	9654.30411056076	3955.57862923575	2715.06817722727	16176.6569971374	1721.48130658872	1158.00920326586	302.712013416071	0	85.1147788676934	29098	226484
7	5430.52649320744	4198.94258724215	9515.35256499632	6493.47228161485	12085.4223526683	11388.9195618017	14123.0590394363	20308.4037653843	24878.2204652133	853934.490209049	19993.3777930315	29493.6314220726	14648.8262631747	17231.7213084348	14902.2116823027	18447.5142602082	12305.4887254176	21856.7206479611	6863.31423497022	15017.4103523006	8873.30169282609	5935.74609760855	12269.7111629691	5149.68510642057	3001.42537704968	16626.2331606496	2441.5274395853	1324.89848240692	443.067657766509	0	127.019637573328	29176	225030
8	5371.3674730812	4972.64241301047	9345.3197405002	6303.75663266131	13250.5305723715	14513.505929836	12906.2019532257	20577.4219184024	26589.109446734	744027.215758626	37612.2791669662	29670.7001445169	12063.696508387	21075.8666069435	17319.9558478971	54933.02798104	12553.4493972952	25515.2631393934	7836.30781329304	11146.0491277589	8305.3403299367	6782.18831166236	10707.3794220282	5699.06141146862	2732.27131231461	16741.9845418581	2006.99353788492	1587.45171701625	211.422115857198	0	59.2905790636254	28814	213630
9	3898.37147823312	3855.18297564423	7382.71850347028	5203.08391683168	11500.9809969252	13226.5343414896	13381.3081472042	21575.756758334	33235.7669636588	853616.299051442	20323.8133192328	36468.9953885008	11183.0793154039	16945.4748128201	14669.6942640426	44777.7252958688	12205.2697823047	25053.9192137866	7793.81248485727	13364.5438196897	9726.12130778817	8616.96640906985	13579.878600047	3790.71890935501	3144.91567962594	13746.417267073	2178.46609208328	1128.3925218939	653.043788386167	0	76.0322585232695	29423	228148
10	5144.72205490211	5332.13422927378	7563.95878174783	5371.74651242063	11386.7549390736	11141.084833716	14530.0406429397	21744.3605017058	24470.5151273401	700802.460149748	21211.4728580765	35248.9539279462	12479.8075708362	19013.2930108798	16203.8422729216	9999.76986072646	12965.4874059067	23571.9701741576	7038.70259260839	17168.804807624	9956.32577849111	7758.23104370788	9801.08730143963	4514.3813030248	3209.91936531819	15341.7024330026	2145.00017172379	1226.22897640345	214.448015312709	0	88.3840978749866	29040	215323
11	3966.71425104751	4802.28782724905	7750.85293627038	5565.42610112543	13336.2879348984	13918.0748654435	13750.427139929	22730.6971583176	33476.5917588063	840978.082969746	28229.1775882564	36053.5465426005	13171.3097904388	25694.4078854114	16045.4341450336	9498.06539956811	13615.8752380718	24856.2752505822	8022.9678535091	11636.7588104632	10413.9632489741	8766.42540154203	13070.1508225804	4808.39454757818	2693.81751980424	14441.395712984	2612.34840015749	1345.87417631413	336.692708678214	0	87.8037795157571	28670	223493
12	4155.753723986	4286.50068639287	8738.66806379245	4411.35720694975	12962.96791212	14178.193688522	11493.2032599916	23583.5095428995	32951.3972169648	740654.96357311	31539.3282543966	32856.7128762559	9991.51064969079	18311.0006692221	14564.9984446717	36018.5996172895	14374.7746192339	21751.6258088735	7476.77921984313	10981.6636409088	9691.01614172825	6126.38568861572	9952.01128579237	4418.66577633731	3261.67058683643	14511.5533505318	1817.64001304436	1118.12846422114	978.893305529502	0	71.6647056535305	29077	233046
13	4620.13629226238	4705.97414684163	12353.0806530297	5975.99806769028	12957.5163761441	17130.3847140366	13779.7414040563	27239.3088869491	25326.1868399356	770104.752750989	32291.4087967726	35298.8916940915	14182.1064487747	19253.2651119904	16953.1096117875	27961.2094210472	11945.0634482244	22634.1323557921	7562.76099390097	17778.8736063755	8546.64201147602	9131.04512595371	10451.1063258984	4211.34826256013	2779.70466142718	17593.7153609956	1886.37776162851	1251.60454941172	327.605783022725	0	84.8682978036194	29656	223364
14	5025.63777742643	4665.38103152295	8295.69337321351	7998.44045787119	11253.346339461	14486.0223786124	14202.0355486427	23241.3112385124	24177.4832047832	838280.480895507	29207.4048256739	34080.3734631806	13308.8477435811	21056.6497955087	12902.8723411112	28448.0615405681	12217.5643807311	26850.215493561	7869.08884931219	12308.7342604779	9847.05964010779	7359.99317178602	13506.8410423925	5645.57891788415	3943.22015240172	13289.1362048574	2472.66477553126	1757.07835705123	536.705378930897	0	94.8333010899886	29107	226004
15	5379.20779693142	5172.07443188655	7743.21062116455	5355.71681173497	11984.90474616	15840.4855387057	13805.3788486057	23975.4954683786	23602.6618518882	821758.496907765	19747.8522373765	33865.5688105965	16159.9739022879	19402.1970904067	17050.585534607	9363.51234489272	11694.9590474221	20722.9483320874	7462.74920817485	11271.3812385315	7846.42643982703	8394.65689555203	11181.7629830183	6357.32518041847	5097.95185274163	13814.4843418224	1717.60495139082	1482.02049785659	285.444144606241	0	108.63381568963	29200	226854
16	5079.56029060712	4315.27408022325	10410.8727025002	5343.96977036358	12904.8977560126	13217.9021137702	14003.9922464442	24497.7940867527	26018.8121749703	824622.744770516	20163.6169662753	35606.8978030996	11732.3327782044	18117.2741945454	18202.7741747042	19250.4027929731	16232.2450988526	24679.3392448098	8618.53007702427	13479.780663265	11104.226907447	8999.73680933387	12973.0957048915	4521.19227108159	3185.542864583	15495.4653390044	2320.56580971128	1503.77457259563	310.064989930146	0	103.045161830401	28677	212485
17	4919.16058284894	4133.61066995391	7838.5197869119	4307.25032534899	10365.8178700581	13447.9335296349	14204.3311595455	27032.7999692447	42212.8813071729	790806.567758704	19317.1880718188	33806.1232701139	12747.6551382912	22885.2946365208	13325.1438776458	9603.07664083539	13228.4271715231	27592.8901208419	8254.25604077317	12415.919456019	8842.98070238277	8826.98129271084	10318.9962321025	5182.25453606156	2730.14660272161	18285.0436156491	2215.38537005374	1358.14419366134	316.023775188948	0	76.1813648037587	28983	219900
18	4698.99835801924	4763.00828057879	7858.74704819393	4798.21672251605	12270.719298703	14157.757921468	12579.0716392163	20469.2933829689	33447.593501617	787505.181490201	19642.7638380264	28799.3577077088	16378.2283670686	16074.4002136855	15391.4836767289	18852.1786866538	10495.3007869209	21066.5724417222	7666.22337084627	13287.3642301061	8761.13710428706	8767.01386789976	10876.5598368211	4502.60299686455	3045.90123468678	14574.3263787345	2056.98318609707	1148.16346115286	440.14053097532	0	101.831104128582	29330	207501
19	4769.56305437039	4581.38246080628	8288.32662807874	6428.16399423585	13079.8268829218	13071.1203723884	13681.3457420832	25383.0514374796	23649.7005889726	772568.600575967	19394.6489164952	39066.169617307	12745.0455434697	23989.7203366096	19503.4005511967	8776.24426514558	11745.6028898189	19891.3170503495	7717.15104518644	14612.7991292242	10194.6509337924	9313.89685685857	10482.7479301298	4538.5067749849	2737.8686310539	14505.272430705	2200.48205408151	1381.68220473242	547.462900523905	0	89.7370624589823	29166	225274
20	5601.18218686388	4619.24962818234	7715.87414348023	4858.60275352134	11337.0868606804	17314.5435155503	14436.0109906751	23262.5842955655	24087.9784777294	784522.250191528	18555.3555072353	36013.0668837128	12012.8497920344	20154.6608674201	15237.0900226566	9491.50619508263	11388.1014719851	19957.5937411081	7801.48376663635	10771.5154038862	8509.22069475739	7356.84805694872	10783.1233776761	4544.86908256896	3810.81513046093	16045.1786906355	2048.76512851815	1434.9883929548	420.400708334957	0	99.2550161549625	28828	211853
21	4209.61479932034	4937.84011513992	7171.01677746341	6014.07257196819	11757.1264679013	14640.1767324635	12881.7542503892	25561.7586541094	22680.4895225545	770380.772626394	46770.2179385536	35679.6404626205	12729.2039858082	18835.7254648291	14118.9605374624	27352.1798955421	11463.5116579211	21840.0963005772	6876.55669337314	12599.3744761956	8181.15352407001	7941.93933384345	11010.3717560944	6861.03386278943	5075.18337915061	17565.9283050615	2163.26269989406	1431.26189544171	548.837782637143	0	69.5811619034023	29770	243621
22	4646.58844272244	4891.94793951675	7936.81875197512	4670.82889288403	11350.2548933398	14199.8722760791	14158.7405898192	24835.1943678268	33835.8993715211	751502.991165173	46198.112182081	31902.4625574082	12227.9181646291	20234.907607661	16291.3666794907	8575.25698453721	11871.4617555613	24999.4590169529	6927.58601605845	18590.807278795	9082.72627828778	7119.57929458566	10647.0041616503	4064.20720749268	2978.15373210806	13299.9419848693	2313.19252348725	1313.64702465163	202.731314513586	0	66.8025563842064	28646	214334
23	4881.8682442075	4850.81707460902	7623.71987046428	7211.14300134798	12379.924346262	13435.9052858715	12901.451776912	26357.9440210944	33294.4403194254	853391.812082579	28709.7743253228	36887.0360321868	12581.4798937284	18355.7322286194	13624.0751937164	19204.414748846	12512.3102495583	25641.7342119029	9363.24449198438	11207.9499966251	9088.27075544249	9147.72812989955	12376.0083589123	4187.35354538775	3985.03974933049	16295.6745015299	1795.23020170932	1211.440241419	310.231727613394	0	90.3279810633969	29295	216994
24	4660.80248531401	5258.31449297345	7121.73989902221	7226.36800969806	11631.9560587208	14756.0843009034	14932.5417075482	22912.1847488897	22896.7387563232	760628.135298832	21724.6440989116	34829.1927645772	12733.2583604744	22510.5329778308	17933.4362595372	26976.3720260989	14190.5802054084	22919.1225642217	7010.77375611552	13176.2251744362	8942.81453412439	8486.46608150777	12204.223152892	5323.12223530659	2952.26010494705	15087.6631847882	2014.52935773581	1368.49168182166	346.842447220737	0	92.8677570395894	28575	193410
25	4786.53388424242	4577.12788116278	8800.1052521306	5188.51016021126	11271.0815599133	15092.7432920496	14218.614774348	23640.0566128913	25787.1244938394	764052.89868808	22383.2615990176	36640.1234180982	15381.0456674566	21787.1252866622	15753.0444193497	11088.6785957735	11714.5429667491	20443.0663882958	7057.33211503677	11367.7152803573	8197.49841401463	7846.18539174467	11868.5748268145	5155.0861094242	3889.64764562058	14206.1542010023	2580.17388835634	1268.18110390171	327.885809127786	0	92.1682848974558	29166	211942
26	5401.37678861992	4847.876059065	6963.85988622221	5357.08918146997	12457.2865681355	12298.3552456172	13401.6034115428	24024.423308352	24012.3853277048	741976.24168401	19007.7908711882	36645.2107151724	13789.8269795676	19153.8698868595	11500.0041435386	18629.404719424	15417.6103334604	22537.6023903898	7628.06844455771	15011.8531398114	9498.73726079155	8499.82239147726	10718.8548439877	4923.89632012271	3292.59951676305	14470.7482788197	2608.36378433861	1316.02454773167	274.304131173772	0	92.5690566458166	28632	203712
27	4280.46257532499	4803.1179081288	9147.67203420289	5353.66803679852	13243.3899315404	13356.4146043796	13915.2944709588	22541.3148462342	22794.002318914	781505.876044573	29586.6802620272	36333.8503293161	11582.8645772352	19916.433901032	13597.1923432417	36827.0006723699	13287.6542752179	24016.991444629	8069.20692719479	12868.3247687521	9712.28477085535	6828.00855955181	10853.8423805247	5780.88100596111	4098.38726896676	15586.6555145425	2339.14036168676	1687.97171180552	495.028353568482	0	79.9134451687964	28625	214268
28	4626.90483909723	5113.94917031946	10062.7840145418	5711.66240390116	11262.5412339138	14895.7091052397	14157.318859441	26074.7937028259	22973.3920613003	732517.354827929	19504.0529909517	34191.207059657	12048.3055799596	20014.7476220838	12277.5223082559	10818.3061940754	11978.9229808467	22203.7576302972	7246.39457953605	14018.6571173253	10819.1745106145	7747.21278742543	9099.67139578905	5013.9347269277	2824.4119257711	15919.5025756919	2486.37104136802	1755.48814333111	353.784265736842	0	95.0093128331384	28714	211025
29	4294.16484285718	4568.5078100539	7959.23856079948	4747.90467094145	11989.4609009171	10263.6076880549	13574.7061232509	26405.8625943311	27084.362137832	764281.576956084	38475.7512274326	37023.6156652169	12179.078980124	17233.8999647164	17130.335170362	26877.0421554184	12634.9503502332	22481.2998286639	7812.10069838477	13580.8999793591	8709.35818875408	7932.41006503289	10786.6837256686	5927.38979034974	3223.67395304272	15611.2433285578	2282.41095146121	1552.02662336821	686.589652141391	0	73.8727328595831	29211	212638
30	4444.37125242368	4810.83540018843	7248.25025903232	4879.45946934823	12002.2835145789	13195.9907146102	13274.8508162479	24403.5770466293	26112.4971819343	778696.214124187	18030.5848987007	38266.1687322495	15104.7856301911	18451.4861481825	15122.5499122248	36965.4519921075	14966.3223808613	23392.784841933	8906.240179359	14242.0311483521	10091.9369653951	6401.78849006994	11215.0444128168	3674.50916590665	2765.01499674049	14518.3598056728	1746.98159603015	1205.32143411134	693.434072948835	0	80.2413990843251	28978	206711
31	5471.45081107842	4792.51223736488	7483.15852424005	6708.22785113171	13231.3180634111	13936.174817729	14016.2867241868	27087.113216053	54426.7848479457	857816.3902239	22301.0872360296	34498.5279404542	17338.7821853826	19106.3920011717	17445.3784375047	37346.6523154517	10974.2591932204	22433.3635747501	8268.85738930381	12784.5461891754	9653.40139002471	7967.6972558498	11867.2931969706	4419.79991767526	2641.92896895102	17021.8937915443	2489.84503316873	1465.53804579329	477.470361784482	0	68.0746564868995	28915	214642
32	4522.91084798121	4489.525147641	6959.8797065144	5575.90913177097	13005.5022908849	15601.1449971853	13207.696083085	20336.792693088	28092.988857968	693177.752953141	22508.6708628747	32174.8795595021	9785.21940434015	21675.8741886362	12105.3601250417	9430.84701008236	13269.6623979494	23587.5747247534	7655.45835182816	10737.6476473627	10021.8974442915	7910.68760156805	9377.62162433623	5620.44959847815	2724.75008015246	15626.9884698307	2007.25431393828	1134.16073221005	316.22744897247	0	85.8713780156921	28550	198416
33	4651.88085420218	4731.15088159696	7853.08826582887	5329.20274755724	12238.5257861083	11545.8715889588	12115.8329346622	21044.4119969481	22855.0385668953	738005.337652731	28343.9428029557	32149.3888303177	14008.4266724113	23815.5309807014	14330.1696176895	9804.88130720632	12828.7717501473	24978.4146564299	7627.43414936191	14379.5513184285	9333.82311327402	8124.54316341144	10192.3202046911	4085.60164824729	2062.36935006284	14319.2651124015	1776.27277326114	1223.84398451585	436.503345660117	0	90.2091143218854	28866	216654
34	4784.09399386634	4653.22044069656	7411.63002373266	5090.17344695552	10757.6966276265	15520.9146874225	13658.7067648595	25389.014637431	25692.165138395	834323.994116125	37779.9066520689	37922.2000074045	12661.0983443624	26264.243149475	17106.1176937886	18971.6954928011	11605.7434709856	23281.6712858145	7597.38970796229	12658.067318587	7960.14482739115	7684.843463152	12251.4119850156	7401.83851570027	2695.15554179122	13944.5326181888	1697.28190923374	989.464865087335	319.493598000663	0	82.042413533182	28913	214230
35	5177.15007829602	5091.59953133435	7554.70678933321	4574.92971280404	12725.6181301022	13062.2886338066	12341.3638183415	20740.7193975569	25715.6471599998	782116.258859396	30989.7245191009	32973.637070192	11449.0949496054	21234.3838833057	15938.9387525465	10294.2446409465	14256.9719856027	24291.4939112699	8421.48937300946	14567.8129067599	9645.56924628042	7198.73808899489	11240.3031043585	4187.2788200076	2907.21795739669	15264.2503046898	2398.94767117168	1481.66840939921	284.737736889076	0	92.5578165033526	29279	225160
36	5202.21362144668	4753.31500169697	9944.40766436233	6601.06464950994	11509.1340272821	13334.0249215848	12100.461535554	26236.660448854	42156.3455950981	783465.337190118	21202.4184631171	33489.8201151391	15049.7847374117	20222.2169124997	17818.2068947892	18725.7499268285	12573.336529131	22474.6573727795	7653.00967629002	15011.5876021119	8786.5299685897	8036.47313008272	10730.9981856605	5220.78356058022	3338.54678990812	16035.2252559408	2266.00092906492	1524.83049279971	308.098656843256	0	81.5835709401087	28845	209228
37	4643.94504535716	4828.55559339186	10848.1257965399	6567.439583489	12487.5154456472	12256.8575075914	14341.9501214678	23344.4963312547	41048.6556502022	762371.286679421	20283.502018924	34258.5185590377	11922.7151282808	20542.6680329343	17568.9022370245	9156.74334765502	13579.575766174	24292.8684288746	6917.50896379812	12572.5344407049	10398.4518898457	8737.76573914623	11276.857022263	4142.28413999702	3055.3007268947	15960.4356452089	2363.26736997662	1322.28371033211	451.072800191613	0	79.2335607034313	29367	230403
38	5273.00539233804	4057.17194517864	8574.08486500705	5276.43569118135	11434.2920811	13729.1290338519	14818.8247887529	22409.8622807111	33335.0894369445	771740.700101036	36930.8896816417	30061.1246757671	13383.168623406	20214.5175907714	15552.6337510105	10161.9754770491	11518.7708683449	26426.349274902	8536.07311472966	11284.5375381864	10417.3703266179	7461.28969167232	10508.0609752032	5931.72403258298	2487.290342967	14910.1665410036	1987.15653611763	1405.0093413023	516.934777084783	0	79.943596048545	29017	215013
39	5519.12901321428	4923.58938792472	8793.00068708532	5356.33018876382	13486.1503322302	13981.8650707659	13640.792267977	20503.5235565516	21990.7068027679	767805.013987081	22156.8041719974	32398.3813705164	16567.2920421092	19927.0632027116	17097.1520330761	9380.87072059687	13171.5397435952	21995.7740551216	7657.28971022533	19092.5811838491	10059.2540834233	6977.21832206804	11573.0024220703	5601.34432626388	2643.95369270378	15950.4562740839	1979.1105373588	1206.86295757783	269.453545929776	0	106.640062449647	29718	217288
40	4982.60036156954	4904.37837245101	7047.99186635301	4569.4790918759	11784.1364597429	16228.9484568832	13416.0825679792	24026.6510037598	23175.6246403105	781629.432494937	68387.4173908467	33301.2483641959	11091.0511324856	16384.6455886674	14436.0664285589	9513.09586563217	11862.0348096734	21760.9200634076	7215.40758652527	10154.6094103196	9753.16882547368	6718.34190302231	12325.901331351	5482.0355400115	2755.89911063086	14765.4453210159	2163.18913000836	1421.59526374908	516.862783718215	0	53.6474888778796	29105	212556
41	4639.05480065368	4447.54472963171	9363.05169093101	5632.57138984288	11847.8071419492	14275.5242531548	13852.1252409197	24936.244255443	23751.4348548485	771080.063678759	19671.9170338035	30409.3987474338	12216.6511213075	24267.749800274	18450.3966045777	19433.897345982	12820.2361696809	24384.6994505925	7649.38002378153	14872.2963626752	10065.0327977873	6773.4337545501	11580.4672288696	3959.35739557985	4082.52006171014	16577.0304606333	2016.55310292035	1299.72658676924	218.701153234072	0	101.661445670227	28631	211270
42	5532.46359719134	4869.16033600881	8044.41043017851	5524.95446710711	12867.6273194556	15834.5710809953	14474.0191353088	27089.6795903574	35122.7298516555	834623.655214343	29779.9245514444	30326.5420206537	11898.4488037754	17973.1415428667	16437.8071199679	26308.9102719407	15726.4404800269	23095.6253659224	6596.89250336966	11154.1721340413	9838.54770626285	7686.83318010991	12808.6539197835	4583.08529473767	3057.74794671003	13268.6432966795	2798.58176221356	1447.68460370039	250.571050568977	0	89.6674165017642	29182	209396
43	4821.31190324301	4230.14221098037	8615.16811373455	4920.84979904612	14169.8746609509	12576.9944876395	13741.0011526591	25011.5034499274	24018.4375593989	863824.765229006	21100.2267006167	38524.2053586571	13404.9892175868	19860.0190354941	14971.8150331168	29388.7737033231	12148.4700634813	24425.8857526089	7719.05609014532	12004.1755500201	9034.45079654163	7467.28151020206	13638.2874099553	5114.33736077091	3989.44011492038	14810.8959035402	2108.38480971255	1782.82476526218	414.667551129893	0	95.0310984469302	28950	206674
44	4873.01631736033	4017.59575771523	8294.02772246707	5038.74961568939	13117.142673297	13333.7157923352	12787.8467533895	22799.4265170245	25685.7936617917	835010.659655624	21676.0702220622	32917.6997907909	11486.5811951028	20347.678731017	16990.5398919967	17468.2611723613	11794.6639746095	22702.3880189938	8005.19769040615	14613.2587135904	8743.82123696612	7241.09761009547	12323.6191110953	4379.71958373159	4755.60051651806	14400.4134133538	2005.64562247872	1448.10260892903	302.427925572298	0	108.321379093019	29198	221390
45	4570.68203380406	4242.2102635348	6882.07892302479	7309.79578279931	10165.3730621563	14179.9599353836	12264.0277756599	18278.6767420496	25271.9278066874	734080.098228957	38219.4282311494	31536.8253895419	12334.3733076599	19698.7971552164	14053.6841433711	35631.1820839472	14154.1784554997	24257.744363243	7106.14168368391	13572.9503340357	9830.90460000053	7464.00159493968	10163.6826278228	5444.16272717243	2970.70544279098	15127.4597999097	2086.55879490716	1628.84399568592	295.202740002944	0	72.2722233611422	28718	197019
46	5195.47414265033	5074.29507761891	7743.08271681377	5166.28206824269	12509.9826934395	20155.59183603	13398.8160781605	28344.3708807609	34256.8239739375	762664.336293227	28213.6651642291	35819.2164360653	12359.6661642116	24164.7827070804	14116.3194754579	26697.6232579842	13927.1066165624	25855.6176263097	8731.74449272966	13477.8336749394	9656.06157931546	8196.68379024956	10388.5345623971	4981.75008528776	2941.50518715881	14790.236555534	1576.92018826805	1421.46232204644	337.531032011533	0	76.6972303233206	29133	213379
47	4709.37545638675	3928.32179332599	8700.35431855603	5405.13936369957	13019.1276147441	16796.857776765	13411.5140434632	25584.2349361899	22347.7819951886	732510.553250042	29460.7225230364	32822.5684965384	13152.4232754075	16561.4385876444	16135.7874331631	18452.8251545232	13575.7042003132	26584.8654047122	7551.60833862238	11740.7901707366	10397.670314991	6742.2505042099	10240.2106545421	5675.193271353	4148.4838459622	16499.9404385475	2125.46573281954	1272.27315866269	320.060674830317	0	87.5849597321001	28641	215694
48	4845.53448039597	4676.99146982459	7584.70534352334	4883.61035323043	10559.4854505757	12253.1053317112	12123.7743983546	23289.1360300833	24232.612271783	756208.390992139	28783.1489187206	35245.203066833	13673.922396425	23035.9751028776	15433.1257642399	8600.15163494441	11756.7937336018	22951.3935895014	7555.0478671705	10890.7771783321	9151.09965002027	7328.09022651907	10328.9136312502	4707.27959133288	4997.0949820318	17509.6464687632	1709.80716218533	1522.79566256026	332.287902034245	0	86.0724021526733	28545	202964
49	5326.2334234346	5350.2167403834	8085.66429384333	4960.01601288506	13429.015066229	11267.1174229138	15267.8031280411	20282.9896198859	24192.9152378457	733783.161475847	22858.3197652675	32190.262349298	12423.5309607731	18914.3549717884	17051.7279450871	18047.4556971787	12541.7676801885	21618.1765034845	7196.6606642065	10638.4928446337	10273.2722632756	7593.96883323644	9477.55192684961	5478.50335688316	4096.10245812291	16039.7993007342	2091.16055826126	1192.99538375282	491.538226825699	0	99.798648302103	29455	231478
50	4603.41543033389	5337.26165893885	6698.51733970211	4767.88195820091	13000.2057736359	12840.1001750758	12108.6841598887	21790.9427007551	33670.474482848	798009.082798449	17987.5720031839	32632.9667303118	13329.4234859732	20709.8816862391	15924.4118788678	10062.912752172	12932.5635985618	23834.1113578737	7693.8966278609	14674.654982955	10342.7376615371	8115.31350351856	12565.7101102872	4944.79775771938	4051.02021568047	15315.6520148476	1800.98692056081	1121.9942786193	353.138393635088	0	94.5525727610729	29334	229818
51	4311.75601276071	4397.974040512	7915.10677225474	4570.46422777925	12553.806108118	14896.0503328043	12890.9561619075	22038.4042324279	22143.4997057073	771801.16603989	19349.4690511576	30349.2438543271	11097.5294907796	19588.5223158059	18924.4047702845	19063.2193663186	11897.6915096184	25460.4903868475	7580.81020022364	9951.32854839686	9348.34883678267	7089.04475712416	11473.9363621329	4708.95995766677	2880.86248990545	13712.7727780029	1990.31149293419	1280.38669372462	316.666256033481	0	103.485167504382	28852	221770
52	5168.39635429905	5559.4015819765	8922.46872369302	6428.04346824525	11733.5684623552	11070.0438004722	13703.2631119509	21854.3582494389	23445.2271607037	725185.061237226	37202.7823312248	35228.2681725642	14987.8860119735	25474.5639237707	19581.6962875448	19161.2204551522	13234.699635556	22684.5517764959	8659.86868586952	10087.2084344938	8475.95624329687	6784.54259343216	11011.469779185	5158.42956559323	2993.80657415519	14133.7406146458	2963.70579087388	1628.61726773227	175.919200091654	0	77.8550830367154	28807	205946
53	4595.20556735968	4796.59455841219	8116.50870109488	6109.7616269132	13432.304003581	16024.0367259182	13488.8603346959	22838.4110759024	23224.9746919419	813548.079816843	28675.7998168007	30974.6382067863	14457.9257934259	17015.8650189021	14415.0419730441	18771.4277085124	12399.4599659121	22465.0856440528	7080.37181278544	13410.2693390877	9029.45555058216	7179.97623264307	12193.367129436	6104.88982900465	2879.88968386944	14562.4177055581	2855.81773632181	1289.47576926134	477.581978147058	0	106.87295452914	29354	223303
54	4069.09956882575	5105.85577741435	7589.46097338298	4709.21267677773	12350.1729945016	14740.4568301355	12808.3878949493	24982.4777212482	34224.9170446271	820001.472048922	19462.8515446413	32912.8943312744	11788.0050792603	17525.9433093412	18336.7473704173	17748.8448380485	14712.0121062946	25209.6092005673	7056.45766611607	9575.68804073081	8595.08670388095	7224.67981608163	12472.0134003299	5186.36560636392	3461.63944868885	14680.1532568615	2378.42108976171	1296.6528653508	297.652019949472	0	92.8222117905476	29159	217174
55	5175.46227051256	5055.34940529867	9058.46214156451	4838.91337245095	12477.9283371577	14627.0383463611	13846.8679389822	22865.6605148512	35354.0939315159	732682.491483861	19286.3371041831	36793.6937145769	12938.0561941844	20631.1627078535	17497.9803482109	9904.42594064817	13060.2174859345	23594.9266917977	7483.66115201358	13712.0627194779	9785.3560152283	6629.24466846688	9297.36824141527	4859.83608746975	2909.16774444625	15529.5106265773	2100.20219315283	1578.52852915221	230.366279676679	0	80.531393278276	29276	221049
56	4106.61761035294	5029.58070660586	8965.41773240811	6888.24074410747	13053.7610978065	14243.8070320807	13829.7353940558	26970.971639126	33133.4121921164	808055.609013086	27341.682467267	33463.4416925902	10778.3858543238	21019.0008770735	15444.7110621989	8796.75694206215	11743.9904118907	23325.6663499001	6433.85903783391	9638.40881192303	9354.40685891337	7232.87087126731	11916.4450842358	3989.03849978822	2606.37809386301	15669.4049968253	2312.43480128229	1029.1435260034	193.948739962327	0	87.4218697839806	28956	214591
57	4444.14158918457	4387.16121203333	10148.6280154176	7081.14445689223	12518.5280487445	10860.5207542989	15243.917838109	20252.9874970237	25605.5828193123	806466.448500233	20191.1904744145	29918.5657263739	11132.7693624776	16675.2253923106	18985.5559316736	10698.06541137	16282.4554858903	25182.9723747087	6964.60432223637	10553.9253555138	10145.650789993	7400.80040207291	11673.1505163541	4349.50883109457	3200.80034126435	16346.2235092101	1867.41247396934	1072.2782726182	412.055455070713	0	111.299536478292	29071	221031
58	4249.0686069937	5807.40394952204	8613.59731786689	4882.34729511365	12691.8492973608	15337.0885333599	17886.2016594143	24043.1223564248	25871.3180812738	762828.965807855	38893.4143245116	35963.4877784193	17778.3589796393	21287.0675984983	16099.0508711915	38307.5765741196	12572.2200347348	20578.7715637394	8865.23626574571	10950.7693809872	9831.82961323317	7936.38121924094	10157.8869448068	5003.11273566544	2692.47660984884	16604.7241939236	2166.593762321	1613.83036361453	310.395209013535	0	71.0756182386967	28779	210941
59	4223.31908344472	4854.94977764909	8116.77752965633	5442.55972388005	13523.423631266	15736.8268710575	14090.2590544121	22023.7634559085	27469.2462438389	812258.245286761	30730.313657409	34755.4015068293	11083.6172775441	20405.326645919	14621.6840312437	9358.91092864848	11037.4944044595	25104.916106881	8018.41391387667	14863.3119700617	10270.1120398976	7712.09237560301	11767.7280662003	4225.31064389888	4291.59266965537	13999.9354314953	1879.33194935913	1333.47530818619	439.120077562873	0	91.4773507922591	28660	206692
60	3968.84994561773	4538.69569687461	7908.18198203657	4746.70461195539	11515.1311339191	14059.5918141953	13209.2333368614	20823.0775770025	25057.6402475363	795822.353201575	48079.8206137275	33064.7222904953	14999.6602233293	20729.2808017628	14558.3163150635	27409.3268943629	13392.943849744	23084.6676233286	7276.44847664325	14314.7540649639	9316.28769188797	6869.46956600774	10936.5588776951	5239.7493077148	2548.56392445175	14609.0800246228	2042.62730693217	1405.58680647059	307.676825808482	0	72.4021333698193	29476	218984
61	5697.50195340132	4493.95799107506	7816.99809986916	8103.14094907032	12839.1426568334	16864.3551210343	13982.0614132276	25302.2595214176	33697.115362371	818851.311531525	29801.7926755142	30206.4306776807	12585.8909434489	19888.3270870471	15605.7306449295	27950.03072918	16100.5613731512	24273.5422923673	7998.94323002762	13750.7957031775	10431.470105529	8406.67435207127	13270.0061423294	5988.73996367435	3008.65619343475	14115.6572463386	1935.57615386281	1083.95029614124	228.585549020649	0	91.6309349269383	29048	208041
62	5335.62858563438	4863.01938468985	9870.27637235475	6669.43104437949	12515.6845296574	18055.8149392689	13418.3046525157	24629.889955656	31096.4514171451	801040.961741407	18921.8623331807	36841.983713087	11974.428953478	23490.9109073455	15627.8023417564	36572.5154090738	12983.5695345221	20735.007959329	7176.62808226542	11359.7141542111	10474.5963904093	6950.77566084786	11353.7805047771	5013.27371120338	3023.76834530028	13943.5007505365	1962.45909748117	1443.30758293662	385.465997940677	0	81.9343090984152	28918	216421
63	4726.94165923151	4896.93556363459	7794.32840256758	6830.81257760521	11747.6735216173	13495.0146239166	13520.5368745366	19344.6151260104	24068.7049468402	695924.023208991	40304.71563794	28772.164751775	18005.5361474573	17417.2822196833	23656.7839066255	9621.11628875827	13839.8173123265	21130.4457901333	7275.16309217331	12573.5628054377	10207.965047117	7541.38782012163	9622.24348443159	4757.78790154566	3027.87403083903	14384.309089303	2621.27931671606	1457.31222541843	607.301778125732	0	76.9301917074456	29499	220888
64	4139.3543069861	4780.70914367272	7113.17272953266	4822.58570603435	12163.5643262109	17443.6957254546	14037.2360820274	26725.5428167703	24585.66826436	780179.557208068	39249.6654666203	34496.4242997976	13949.6606169105	17382.1326228225	16588.4159768908	17919.4512271455	13830.1881062236	24716.2697544731	8313.00574465719	16416.841921331	10254.0260324264	8025.36825435968	11422.7943528217	7428.11869160372	3651.14450229985	16309.9090057384	2725.38083717188	895.437594080935	355.71954959484	0	80.6760189525506	29215	211869
65	4655.72855174832	4777.82150820208	7446.62864268704	4473.40457328958	11595.0361923434	12304.3131322259	12336.0319673491	24722.5658906119	23431.6972813892	751982.833671493	37104.133115943	32009.8318630024	12365.5571913968	15342.5713387256	13719.3685562738	26511.4300663875	12855.9712898789	25608.5407362056	7129.85949931699	13597.7815079627	11359.2841101776	6740.76789755029	10679.5890308805	6434.49055244507	3047.72817306827	15524.1408141245	2218.07102400417	1224.30826418642	358.932018551765	0	78.8471427778183	29032	226297
66	4628.30580617775	3787.59863942581	8860.9531402935	6006.92639564125	11651.7752222882	16790.883258495	16631.1277991577	21961.778040949	35195.3448272324	746745.834632306	27195.890685376	32025.4020358789	16028.1257786899	20682.51137326	14405.1306265222	9685.33962918904	12087.9181411776	22179.8454899588	8244.11859820341	17629.3456376633	8525.34449279151	7523.05003353439	10607.8403262015	4177.530540927	3357.83094102838	15461.6531681357	2087.66847357062	1172.22563675429	268.001315748299	0	84.6402720763465	29015	211421
67	4505.66067881882	4680.39003624572	8855.71676118954	5551.07077092911	14509.5603481	17042.5622231329	13871.4696404192	27426.3505181998	22666.7838200518	729641.919041967	29400.0770906968	36479.2034770596	13681.5981615999	22326.3205712659	13992.0442575072	18714.2747032613	13750.3566994716	20089.4758732862	7207.33860212513	12846.6342294324	9568.40491108715	8130.94167333684	9126.99338102788	4855.43414696551	4183.17198692394	16056.5774756825	1804.25633912563	1372.60014930828	370.777286033465	0	84.0985490795629	28788	222443
68	4954.07256251616	4683.74075169821	6818.48322939062	6212.99226929826	11938.3343135786	14980.4777020627	15394.6443479766	23502.4725549386	21471.6299895028	776250.168582746	19962.2423549473	33542.0084385005	14376.8371031815	18918.1144526087	11973.3334343263	9511.54336349798	12599.9558858149	22379.1118473128	7216.70689511727	13058.3418443968	9642.99139618214	7763.86232620668	11712.7382209814	3794.33054875866	4408.07237209203	13699.1549935703	1990.0096394739	1192.31564019025	316.836057311075	0	104.171733163399	28858	204478
69	4551.49384587087	4266.070829484	6672.88746837636	4898.96172432805	10903.8117047421	18339.083269127	11307.514072515	25213.9911383915	33610.4770125579	768111.714715075	19539.2704722606	35230.7874135195	11509.4652607308	18870.1797747102	16103.9825367788	27386.7040037703	12487.7626358221	24758.5034186949	8757.19188214797	13806.2779759351	7882.91159255564	8216.60642332176	10478.8892295632	4442.62168296645	3020.03108903849	15476.312535277	2078.18653374638	1309.97198612653	303.087627675186	0	81.5975443100291	28575	209138
70	4921.48122628054	4831.02983097018	10757.0943874947	5495.62004905626	12850.2222769482	13823.2762047287	13422.2129639004	19657.3294774587	32031.1836572902	766127.095266165	20966.8254307517	30165.9107088085	14028.7414426171	17896.2661870578	17196.9708158613	17512.4888402797	11088.3620958179	20614.742754277	7162.89558449172	13040.3905357669	9258.59247437874	7928.20188656519	11736.3375344098	4536.82663528248	2852.08889019287	12390.7817870674	2111.98335942361	1149.82931599706	291.025911870833	0	101.929252561196	28989	224110
71	4279.75194470752	5549.70310591072	10078.4998509823	7019.89974409431	14027.1892937735	12558.6454138716	13927.1731226765	27113.6064929886	36062.5435466651	870343.940403771	45364.0562180683	38018.3238019152	13637.6882095192	20472.6511021457	14324.2500237752	17886.7810719275	11587.22743401	21793.7851833337	8135.84948763433	15117.1075638086	8784.74933973378	8726.3685663555	13426.9560747607	6037.23931453416	2863.09249616	16079.4727345852	2030.6179660701	1396.19562582897	939.510620648477	0	76.7321792003896	28900	211258
72	3868.48731428814	5612.04782994023	8350.24007276576	7096.09154537322	13973.3463439832	16250.6022250039	12179.3699019049	25495.4936932624	22681.1242327768	671081.065827983	27887.8998840719	40526.3081910522	12278.4095874841	19783.4525413161	15258.5662216107	18280.8073427002	14596.74424636	23958.7664481918	9637.26057669757	11242.6307334552	8370.02426871087	6417.22834914643	8949.98341345748	5115.06260157621	2953.26539698283	13483.8915924388	1742.35701648179	1246.73750738393	216.661585096647	0	74.9480535987776	28720	230194
73	5403.84650597601	4510.55903550474	8986.14823334637	4752.4406596577	11819.3137224072	14660.5240389576	13472.237517357	21993.9447569279	22575.3781348844	764658.456015793	19331.2782611578	37116.2736828308	17312.9554595495	23877.1149617452	14113.7596170967	27981.300127745	14542.2574504728	25380.0839167352	7762.58959053629	14142.9636621987	9967.98173731197	8175.98891762615	11493.0241698453	3470.25127430016	3129.95609301039	15474.5278138995	2135.03477822505	912.190066751579	476.350538088133	0	88.7027828498324	29219	225291
74	4956.78916217782	4638.59524364723	8133.97662651678	7103.27177977635	13070.6301776822	15682.1454270447	14021.3491177968	20148.687450655	33528.9959273846	764206.554287399	22800.5032334037	30625.1420915056	13127.811717694	20923.149036919	17931.8984795986	10165.1385988329	13735.9367997756	22843.003254916	7938.13311069251	12366.026873444	9930.74304032077	7122.32800212022	10563.3580299185	5382.76905397718	4224.47702422234	15490.6117835908	2398.91568973668	1189.59366574784	382.404430304134	0	94.8434833704137	28932	213916
75	4680.62792814922	5022.98103627561	7659.22663331679	4618.9376902085	11078.7138532061	11289.5960702932	13257.5550287812	20264.9989348701	23047.2328972234	791859.267345425	48463.352016115	35018.7906212588	12831.7641204691	24046.8529834914	16793.828384647	38487.5150911188	13668.1794448124	28183.4147227905	8903.26586621216	11043.5568646221	9700.24996587317	7203.1438167196	10961.3603548242	5159.22094448586	3939.21356741503	14807.1577929365	2128.37673210163	1353.10035758724	547.462929918322	0	64.5413084195083	28966	213620
76	5334.47560569964	4905.25912149227	9699.18771005902	6788.98709681486	12472.4020862429	13902.1245867272	13338.5047783204	19614.5456431709	26224.6146818193	746427.894748183	38411.1543374306	30245.9250708014	11715.1722728966	21687.7557677643	18025.0089789287	37544.0535563504	13144.6728804143	23467.8405734621	8224.87613097136	12001.44533568	10055.9021184634	8057.01128745967	10364.1980902027	4418.28558769314	2676.56525056563	14930.1204411752	2076.83305571942	1477.36075088197	410.050342562627	0	74.0981279958009	29425	224151
77	3996.32995841298	4557.59102591599	7233.49790771746	5265.65400711081	11612.201391546	13067.5998516307	13621.5974376009	24157.9198129621	35904.7886586391	801936.268315275	29867.3356347934	29237.6942725964	14834.4030843381	19381.7745291654	17272.2463763782	18305.3185812994	14554.5462412336	20897.7192391974	7722.67904810267	21600.1095480618	9288.13201525243	8836.63384737761	12762.3011511645	5667.67735766254	2718.28135354769	14591.2680001444	2205.98187628856	1408.87871806308	257.822951225505	0	89.230327673814	28974	200230
78	5035.58431868761	5019.36385586684	8620.30852384402	7771.49941985854	13876.949572325	14038.6349475344	15177.7672514564	22915.5757985398	23076.6506999775	672934.138042622	20394.1374478714	34567.454263232	13655.8576344463	18482.8733286189	15002.2101934529	18275.2292275824	12465.1772510793	20945.4697810445	9716.17772808536	12880.4957725719	9975.30717680945	7808.84353028304	7936.61261970446	5155.02661255636	2700.9091762745	16263.0617956888	2414.32412904727	1172.94423063957	408.22517573051	0	93.9752867758187	28729	207060
79	3977.3328917632	4584.49873758726	8590.18632244584	5359.18631770733	11614.0092711465	13078.7668178967	14009.3949151254	24949.1084037687	42010.9674226914	640415.19956208	21117.8704889141	34777.0192095095	12363.6577645986	18524.8289437644	16963.6075838728	27467.1447093919	13939.8759042884	26313.7414561829	7834.37157729069	14093.2342473441	9158.8969425239	8317.92473706873	8032.74404724434	3992.68488335348	4657.48425405357	17394.8952292737	1895.69943160414	1585.41278021297	398.819739848782	0	61.9130195339615	29196	227172
80	4808.1524514411	4466.3601951676	8230.93153017742	8282.89136005243	12139.4496524825	15233.4005019881	12732.9851813255	21060.9547214893	25460.9863403663	779453.148690826	19133.5175840602	31103.4156168224	15912.919068574	18533.3187372945	16092.911094656	38103.2018879617	11423.5706150544	24794.5434998724	8178.104843011	11696.2176118502	9849.91662910991	6653.51321647794	11489.5560090311	3954.48404488783	4287.29398601992	17197.7946187707	1867.09928670172	1190.41362646111	583.140153079297	0	87.9876705710611	29142	229007
81	4671.52628135712	4649.10319237946	6842.19921164364	5781.01793472458	11144.0260840255	13618.535017854	12431.298948312	25164.4352118832	23158.3322129129	754241.915896588	28039.3260840548	29051.0634230616	10895.7080927347	17572.9171617892	21134.8152831502	27388.9840379965	11556.898638658	23261.6787952281	7496.81818331385	11879.331415642	9441.73060482431	7002.17993307439	9977.76814490267	6919.31794993026	2449.05890151301	14644.5649255676	2027.86026727996	1220.24297731467	634.819365627592	0	89.9709984334553	28485	190160
82	4961.93210550614	6321.85072595322	9503.02474752593	6893.50983661179	13041.5831018635	14313.5830483645	15037.6968560108	23324.6580778884	25147.5098133373	740682.111982262	19236.5461305343	33962.515899529	12211.6982690698	18413.8393592803	15349.4186189229	19376.342573716	15102.6272867016	24957.5125148643	8073.26755498923	10833.6175886335	10891.8376716632	7189.54093102825	10441.1701901312	6353.52542466609	4744.85967487293	16052.6170516549	2069.73649124969	1603.06864348235	339.089981896788	0	98.8242905467331	28909	220349
83	5890.79776938599	5710.01752985827	8765.48607624894	7530.65561797802	15378.2574950649	13087.9968333708	14149.3276935924	22846.7152130869	25873.3187598522	777810.99003162	18165.6160902837	37236.7254516748	16814.421776095	20663.5577636354	13303.9098186967	28273.8696526677	14664.8259536098	21176.1980133388	8758.53351168021	13260.7437010438	9831.4480130635	8235.61112595099	11048.6635251396	7724.48927608034	2500.80215523614	15505.5191769945	2687.22821152255	1308.64152394937	406.30360591548	0	95.3992397635236	29058	212880
84	3807.5927900426	5389.71931780548	9244.8394908461	5283.25020958753	13618.742532986	17638.4845700475	14825.9266558144	30118.5563657279	34181.57954471	812129.677034823	21910.0304797787	35124.7922060863	14235.4236903524	24427.3379152175	17405.5222619249	10457.6712433165	13581.6019542358	24895.2151758444	8793.95622181719	9926.64648641716	10322.9182732216	7973.03065913146	11980.1001894925	6202.52428813928	3384.24946024005	16217.5642053618	2420.97387424486	1065.78378045533	369.294315603605	0	85.7233618764923	28925	226512
85	4790.8123280917	4158.14015662012	7480.57026436147	5713.52613301587	10943.6360172782	14657.4668336254	12493.5442706353	23462.3614594543	26140.3148759892	762445.167134895	37367.6815699626	33263.5598554548	14150.2328717776	18764.6204053008	14909.6768886076	9530.27852800906	12888.6377645733	21561.1856477305	7965.27723125575	13605.8731133796	9304.32498356958	7210.10235243309	10738.2683156736	4234.5025599838	2552.36023073114	15544.4495757358	1912.24612946645	1298.81713673972	494.870758613917	0	82.5262429340784	28943	215509
86	4903.80553277934	4767.05884778437	8163.96267572869	4555.41075742241	13536.0208440741	14251.4701295118	13787.1467400677	23049.2081158953	34171.4841200342	788057.512970466	39834.0588873654	29185.6686188007	15939.8600934973	18886.914435324	14291.4195489976	9873.09624214803	12332.8480699217	25007.2304048758	7605.65808541849	16495.1436818163	9390.87084204946	9373.84680446962	11753.3893890479	6093.39424212998	4128.8605615528	14474.5296339681	2049.79700750143	1608.38973070567	389.019120824179	0	79.5222773937134	29102	207891
87	4757.36020492741	4058.6681809213	8472.9031905425	5314.87141613008	10582.0950139053	13887.1541483641	13041.3514019695	21369.2233871355	23811.8144172286	812401.842194212	28508.3209184154	30361.8657303678	14314.4832986808	21209.4825087212	17991.8347441305	9846.18166864796	13387.834845678	26088.1601918739	7636.52646020046	11856.2216866643	8865.45548330938	6951.05505630917	11692.6281649387	5340.26096602022	2631.29468173333	16601.2281786537	1888.98828204554	1450.66757794168	232.108883165982	0	100.90223087311	29189	218774
88	4527.5117182867	4973.18050523991	9580.19489412926	5786.12874489359	14603.2694732929	17542.9134708015	15940.110319342	22921.3854449574	35724.1082059041	822211.861823218	48592.1711589351	29837.2461975694	11882.9972535408	18092.2158688692	15585.3117239532	17671.932200581	14192.6086384065	27574.4011361628	7196.34839114737	10173.7386420947	10226.9597254059	6836.74428437867	12826.5400974934	4736.09088244485	2993.02433639137	15447.8428299213	1946.89866702629	1477.84219511831	543.186825198	0	72.7571937652268	29246	220857
89	4983.45052071357	3563.35073167858	8718.06365579165	5137.22219210729	10814.2329295613	14470.4284231475	12035.0666804276	24322.7868309819	41423.299871313	738260.873910811	28307.741100066	31645.6815400243	14207.3874559721	21398.2507802617	17303.3281801028	10382.1691287087	11429.0868593203	24873.7320700582	7815.44142429983	13255.0810756269	7859.83067844567	7209.6715105873	10855.0380403565	5600.33499828807	2790.64868634242	17450.203857265	2361.3215914197	1615.48207531134	150.564602293332	0	73.3146502310564	29093	217965
90	5031.83520864466	4169.96056685575	8394.77418575818	7385.12643908996	13818.6380837395	17431.1222833345	14824.8199364114	26492.3671836864	23162.5414452216	742798.347160918	21365.647940104	30611.3228282141	13765.0784174288	18318.2665889866	11711.1117023623	27772.0407745661	11687.3330811566	22995.7245064985	7164.91966167087	11894.7791936053	8269.44111691398	6516.15217416039	10154.4125517536	4655.48446166855	4127.74154085263	15649.5400029592	1892.39645735394	1399.61927983406	445.546132171891	0	94.1984449553347	29237	222514
91	4517.11504333207	4377.60489867655	9203.80035707187	6658.95457877364	12417.9639176394	13770.0023116839	14174.1618561082	22997.5976501052	22090.5643696343	701508.790726115	20622.1916635452	34356.4691280707	11797.742993446	22432.2802253262	12522.8307909594	9257.25570764082	11831.5660817164	22145.6481594088	7027.31887196923	12448.1974254295	9540.85539198734	7071.69445543976	8619.0230241479	3509.11478256301	3565.75113497727	13637.4432568244	1833.6948835161	1147.77605066923	290.251732287342	0	90.9009204811331	28980	231956
92	4690.64097032822	4726.91639317097	7780.09211580472	5138.43600254843	13676.0147128125	12884.8711795187	14309.6733285297	24608.1888078739	32647.6763717272	766155.875213023	19447.4489749218	33505.4538390953	12644.3652739024	24587.0851032558	17469.6676171417	20307.7393800883	12376.2176959555	22773.9098439269	7462.42175591796	10983.7167771252	10575.3815472079	9564.30121215702	11595.8259060013	4617.35817254917	2927.57852278848	14379.9126315346	2307.14220630327	1094.66411924716	235.122081000986	0	87.6963594486342	28799	212034
93	4496.08002347237	4867.95870103621	8795.35177136437	5267.1892967685	9976.1935267816	12850.2174295329	14320.3717554275	19818.9930919453	32243.2360243917	765243.964452346	19961.5459589152	34569.2874974714	11540.5969783608	21270.0026126074	17601.4731868326	18270.7321492275	12051.6767111559	23228.3568446303	7461.36387742858	12447.6150944056	9694.61547169216	7604.63904662962	11738.4245945145	4298.63464685631	2720.40765742193	14722.4809614678	1944.42366639996	1324.29809491797	452.140647484207	0	90.2724192690799	28735	208153
94	4700.61317314351	5396.75410524934	8514.06668584609	6687.21766154595	13545.9021161028	12443.7873048882	15058.410506948	22894.4905006268	24558.5771581297	781421.01909194	38494.7474578899	32720.6670299467	10693.6264886583	21218.6002860319	14012.8440764272	10222.865672427	13953.0676553007	22615.6342404946	7190.32904507025	13887.3895843199	10213.9718427648	7257.05887390894	10473.6379121402	4642.81092821248	3165.04409739115	13035.8190076827	1822.60787720362	1571.1808704239	237.138982441121	0	85.3232834631146	29109	213563
95	4222.97652481227	4335.51687137952	7702.62618896395	4759.02516565835	12264.7779595315	16474.9650878471	12615.7081279491	20336.2037912585	24092.7994524008	769707.24990323	19372.7984405787	30106.9670634597	13976.3248951503	14803.4591066861	13389.7478367231	17837.2587439653	12133.7112129495	22450.8628710602	8210.23226710258	14413.442542418	9929.29670986039	7937.74605540036	12246.1445706609	4765.21311807442	4025.15137673313	15178.8566063278	2057.77825639696	1649.26147923358	262.471408798559	0	111.187650413473	28674	205729
96	3981.5971432668	4949.14702565289	9343.23976468357	5340.43313533726	11267.9140946475	14611.6771299717	14700.4450747045	24384.3279603219	24506.130681232	733032.590740394	36640.6034326638	37483.2319130317	12320.8745879492	20725.0242662851	15908.1696241592	18534.159905632	13088.9280986024	24622.7284296563	7120.35196785146	14617.9953908147	9208.37122323158	7028.45277124256	10352.2133805488	4722.29293994577	3306.56881822042	15421.2922194097	2454.47218865411	1860.87572496069	393.503275698778	0	76.1701120511794	29157	220531
97	5460.06805368979	4890.30553233751	10187.2736478672	7116.67162486296	13837.8504061774	17341.4801404659	13752.2742233541	25762.1954584428	23473.5472810927	832440.104886984	39485.2339310848	36433.0617724106	13829.3772957454	21097.84707815	17366.5342777053	46191.5958571387	13415.2557135919	19999.496211264	7423.50243237936	12809.3883927422	8426.06169151469	7652.44174531514	12516.1801854711	4598.73988297557	3003.4110487534	18228.0071250559	2147.79064660272	1490.61330196643	782.742771359226	0	72.1476014394868	28745	220872
98	5272.67323668741	5810.81104959426	8582.79843320756	6682.89253229156	11348.6086283247	15512.2838539731	14813.6341194377	24779.8169151543	23679.1919483883	780092.524315736	19530.4726605408	34902.7974256374	13669.2063029444	18815.4605977678	16983.9958139712	9211.73653745912	12633.6971123532	24214.5999691836	8759.27439603545	12984.3668033447	9194.02934006295	7934.07440985947	12916.2434200029	3858.40711591963	2824.77676027209	13169.9595172839	1849.49014615234	1373.90881661794	356.964093391662	0	101.578870297572	28862	211282
99	4513.39094786726	5688.73675712574	8187.05118380141	6707.26179767369	14562.3017725223	14907.774173957	15520.1511957897	23901.3757419631	22721.7908037825	752134.459128546	20805.5725276803	32062.5056701939	12528.5694668127	18892.297866363	13618.4509462043	26592.3990150801	13943.1067273359	21094.6572889844	8662.84329726486	13594.832690851	9311.70116361942	6196.47803692811	10458.9370150552	3890.86696619318	3796.20885225195	13681.8543763625	1862.16654340202	1256.34168148711	508.10390909861	0	101.288111694219	29283	229348
100	5288.9029237506	4576.70994089161	9060.64395703379	7213.13521158653	13779.6243415596	10922.0323263347	15421.9658799226	21616.165862557	32715.858850332	888793.986367762	39696.7751853739	31334.549726654	15045.012232116	16737.0573626676	16885.635098133	17217.0624529156	14388.2718783404	18925.5490787587	6821.71905058308	14144.8163246178	8337.80301816691	7726.25201874515	13705.2818613921	4299.41519585532	2960.20756051708	13988.25603082	2113.44982396292	1363.24040356975	223.729770385792	0	94.8100609616023	28824	208389

Average (AVG) ping-pong signature and standard deviation (DEV) per [nt] 5' overlap (last 3 columns refer to avg. ppZScore, avg. ppSequeces and avg. ppReads incl. standard deviation).
	1	2	3	4	5	6	7	8	9	10	11	12	13	14	15	16	17	18	19	20	21	22	23	24	25	26	27	28	29	30	ppZScore	ppSequences	ppReads
AVG	4758.7714456453	4761.61393901435	8362.85682322858	5804.29772310928	12366.5408463392	14305.5475262267	13780.233263408	23543.9490876291	28356.4972213287	772910.309716773	27765.0875929036	33578.4468674109	13310.4210342356	20122.4155190669	15868.3254586408	20685.6164487767	12983.4180809012	23491.1830841312	7751.24105452436	13088.5761623781	9517.12132933122	7657.84242729147	11090.0084244218	5005.98841046995	3323.03607309781	15299.7950833371	2124.42728229467	1360.7504154321	392.750105669487	0	86.4915788242977	29015.7	216470.33
DEV	458.776541061264	469.514806581003	1021.4082249039	972.578822059305	1086.23199763955	1941.75363896773	1073.42029506686	2334.86181121214	6108.99615821245	46295.2856960193	9386.56376217939	2736.78954184069	1758.2941062406	2399.50002349604	2107.96612871696	10662.2170911674	1229.35145636797	2012.2556034068	689.455694654886	2161.13842305434	774.157248654841	775.557461210112	1290.04768280955	884.895034827193	726.830652997377	1234.86563385147	281.05729379188	198.104198391465	149.770433058149	0	12.7249861398412	281.654948474192	9194.75798491184


# # # # # # # # # # # # # # # # # # # # # # # # # # # # # #

