Ping-pong signatures for 100 pseudo-replicate datasets (1000000 reads each) based on sRNA-POC-57_preproc.map (1585882 reads)
	1	2	3	4	5	6	7	8	9	10	11	12	13	14	15	16	17	18	19	20	21	22	23	24	25	26	27	28	29	30	ppZScore	ppSequences	ppReads
1	1990.86312898469	2664.54202747568	2353.73690089292	3417.12742822277	4912.06454959577	5393.25822197246	8527.92178492165	10922.2035996343	29446.7947643042	426475.366349594	53554.0724594504	7956.42573246382	42455.6335313613	16060.9558641959	22967.4673551776	166285.699989279	6204.03365452576	21747.8302950481	9177.24980728385	4534.47737105098	6272.98164829122	2392.75153514843	2990.898981794	2605.25943718081	1493.43032893476	2959.6735609359	6483.11690975351	742.440745041774	373.502930934153	0	11.0117067415951	15179	118521
2	2021.08857367206	3615.09876995457	2033.5255738048	2913.76738381259	2946.77718273984	5119.12382428496	7419.76268643202	8113.02249108234	32415.4821209748	413220.807734367	55115.0258043717	9425.66362060061	40371.0522274451	12894.9108304723	23610.7526134686	157769.279775511	5804.11834199496	21616.3647894794	13118.4766933249	12093.1902783095	6341.1471682766	2831.16761477143	2295.79090486932	2957.70165363679	1603.60372496593	3887.27696296901	8556.37779278017	817.925960698385	89.9475903194305	0	11.1921509307758	14928	126063
3	1617.0850866074	2578.09824889585	2048.41210323252	2875.74060066294	5835.89411319808	5536.93512923986	12293.9743974137	13403.6147766503	24094.8648942844	381893.463339752	64601.382898533	8273.23534329978	33381.6119874596	16160.1594926339	24749.2622708597	191233.325216926	6492.8370708834	20047.6277336731	12300.6599550199	9467.23516483058	6045.89491564857	2134.6884961368	2105.64950441219	2572.02464304244	1793.65887313708	32760.5983836759	8353.34925447375	708.66782205996	192.518958679165	0	8.52319451673726	15048	118066
4	2135.47885736337	3309.86023014591	2031.03789461985	2437.50002273263	3669.70229449026	5452.3657666425	8557.50878319494	9775.0673962228	26737.2607788738	398473.9155004	64483.3291853294	9857.57321389088	42390.5521880978	12823.3123443963	24684.0203991616	197265.273551072	6071.86440359627	21725.4606386417	14545.1223520918	9373.45707509478	7279.67618365863	2384.21150748611	2826.75437693924	3007.32499686704	1663.91230348366	13925.6507430218	10110.9913335277	1105.1924823544	194.401013091782	0	8.588546949953	15227	131428
5	1920.62149015012	3129.77968800925	2308.65286547559	4490.27876515612	5612.05777090126	6056.00120427319	5677.53346249002	12417.9270135818	32490.3933792215	438309.69262494	41822.4984927037	8778.79444214341	58209.9712086816	14799.9473824781	36606.2929177039	225389.308267702	5594.2957759158	16940.59460491	11549.2931144647	8008.94857850227	5812.33547507434	2578.17840961279	2707.07766531684	2908.44368868774	1459.16384796063	12835.919234437	10155.7247666555	577.389041872826	148.078559056562	0	8.35434055522175	14856	116764
6	1668.94892989464	2626.54808426401	2231.45505574329	2745.89662537728	4077.97012241829	6641.84660047657	7317.83382765719	7330.26959209419	17368.7612079376	407207.511264363	55822.7024556412	8686.00295908076	40860.1523798011	12947.7957243098	24876.8614413876	198691.703162669	7500.91652905878	20048.6115903226	8989.99529753165	10874.2866500488	5685.93737562094	2876.34212654526	2297.37084575026	2768.25138868085	1715.26883996568	22001.366797004	10247.2013236175	966.179502955122	304.13952902806	0	8.81827716828851	14973	118888
7	1976.66594257706	2451.92806499714	2113.87578581415	2586.53099983276	5943.3399948616	5092.79609477958	6515.74425965945	13399.5427624352	20697.2745214639	421762.275899404	48363.5388237915	10139.7827698734	20424.0605844621	15274.061856106	21429.5313871208	157274.567424929	6588.00662699539	22238.8019594014	9855.15968845985	13921.7742649016	6457.397472151	2811.87102323226	2621.44015028791	2092.32968468978	1369.58935847702	32547.7822244272	7983.90166472522	976.324848231931	246.53416379212	0	11.7985184163239	14861	116173
8	1897.09133580699	2700.15085150296	1944.63147544549	2968.69580405019	5900.2583429553	5345.72243588136	7683.97508261005	12874.2684828298	16826.15547666	369707.557625838	44443.8484928463	8702.17501346297	12049.2688112214	16044.2447320667	25763.2972357399	190657.400679158	6733.49388132554	23263.773499543	9022.19319950138	7914.21889830798	6325.31786213595	2782.12401645875	2590.65193708854	3079.66421188721	1558.55429659616	22450.4635699845	11045.9501092441	922.479540878969	286.691579418596	0	8.45835128115486	14597	104676
9	2068.99619554026	2894.96322447597	1901.43322569224	3277.13381643875	3664.30732934169	5125.20774271673	6537.10716392373	6968.98883473351	31252.3975363819	423230.314395898	61549.2872651842	9828.7658463232	76915.589687639	13184.4594220115	17722.8663097106	150855.796792759	4994.13013280688	25268.570383172	11510.2892379033	6369.94212049183	6374.99658383144	2246.63495764785	2223.5130842851	3018.27674102877	1638.6569809905	42958.7458246445	8285.85836632827	882.108266234416	282.749039297463	0	11.0842036240981	15168	129226
10	2117.44823607223	2776.61387626749	2182.33687859751	2641.85250093591	3690.03352373261	5737.56105405474	8332.56172063398	8369.4650708364	26324.6155618364	437645.874430854	46776.7362294406	7789.35710766113	22170.2882804232	13966.6888706569	25520.9527815168	167564.161129257	5176.44000874125	21645.2696530987	12812.5328322653	18931.5350682887	7742.18236140457	2632.95434208436	2621.46828056374	2316.61603359666	1507.81119412012	13352.7858669909	8410.00773195991	725.395718690374	256.262890186704	0	11.4844361251596	15369	118013
11	2216.2804603994	3085.78779193126	2063.95690924236	3036.72535933032	4795.02228456272	5642.28723380366	8551.48960163129	12662.1067492658	17851.174465583	381127.510512858	40061.0517026996	9046.51615896824	42070.1564536141	19200.2808040803	21927.5270499796	156709.251814815	6071.08848287929	18903.745020448	14208.0881414008	8284.71060679217	7824.32966370247	3165.67261922749	3191.74512722057	3056.85516305864	1716.5925909115	3836.56144164005	9247.12327344437	649.598698379866	122.695291433712	0	10.6129945436033	15124	117297
12	1754.62640917744	2889.30679993888	1955.49448532942	2851.82729227624	4548.19443923233	5798.17230109616	6692.99477722981	8967.53700514309	21371.0503938819	365789.724133784	54785.2528779827	10285.1658012116	28293.4960814929	13725.0498197143	30086.3165522572	221470.142787699	7200.59131399825	14354.2335709358	12157.8071892969	8754.6306443099	5560.1846511928	3156.96694885513	2561.46647403236	2863.99695352424	1235.46554072625	12994.9897048101	7757.16890177681	584.177369278256	96.4876516675932	0	7.08788331898216	15091	113249
13	1887.62786202847	2677.97463726766	2289.86678811012	3287.96769373382	3323.63036493819	5046.78625803328	6585.33340044665	7951.84498497423	19529.6764492313	364148.975525355	51163.7444048424	7542.4257688241	35690.5837961023	15728.9569963794	23663.9591463674	187043.220311018	5540.2228357769	14078.3260392279	9926.9204985437	6448.68949972668	5810.47046030847	2895.97723314845	2525.220114912	2319.64888320171	1197.01728925041	22746.1117596682	9535.32975223993	808.706720034661	187.187592875875	0	8.3691743280075	15163	112133
14	1908.10832856432	2681.93247761826	2102.28621325747	3031.23254187438	4245.63636294424	4664.42434678588	6186.71564353956	9997.43072565434	18901.3046563875	368811.358843674	67808.762328451	11380.2246150047	32488.1600465943	13291.6031525425	21777.3586162268	159778.125105793	5680.11999057321	23932.2142391631	8356.33303098115	5487.50467024667	5734.03070160466	2346.30436809634	2483.71836618592	3479.94437319334	1503.11520644875	22962.0667750924	7845.51569302801	590.553029985825	209.30835076499	0	9.64944149726963	15062	120997
15	2097.27129867173	2544.32853320727	1764.79216546583	2975.59952976585	3869.81708230737	5478.22539673692	10383.2402245913	6501.95251644003	26493.2857300107	369764.546237203	66741.6941906359	7766.24190596063	22777.8827744795	13666.3459180137	26023.8470952632	166213.509552304	4728.71325611303	19435.9522050547	13813.056562698	15156.7350611552	5966.45737433082	3709.02929911327	2623.55719536253	2570.79091097754	1059.52582988361	13332.247774497	9228.71066796242	1014.38364137376	182.118124645122	0	9.39139698768363	15160	111970
16	2047.72165714306	3357.78042885166	2244.32055985004	3496.05752691961	3400.94695178517	5455.99097644903	8288.14091413799	6804.8455947624	19686.1037359242	380626.72722635	38708.8564706401	8736.16517943388	36336.1450143161	14736.0768491777	27340.15131047	191476.634258976	5002.31813088041	18187.0953217643	10991.9378618707	10950.3022138401	5738.10471262235	3184.94417658878	2834.21782820052	2099.37429845228	1381.41486148635	13699.2496764541	10372.8833335576	648.89639832963	263.006770082109	0	8.66770900411061	15486	131105
17	1766.6783833059	3269.45458853192	2494.60510881155	2521.4472399974	3313.91963045871	5627.4360232409	8521.92308939172	8508.25964132896	22735.6431509638	371523.603661528	50586.9308228938	7533.22815619357	49407.500620347	16156.9748752656	27633.4277496647	189627.459076776	5757.755392494	18916.3929311525	10229.2197823018	5112.14342837081	6606.72446586071	2963.84466532589	2164.82654631735	4606.6484845427	1728.46465855675	4105.29609291503	9392.60345420001	1160.20208851148	205.348157754944	0	8.34467850257686	14977	103219
18	1791.58303262881	2523.77002889898	2010.70942511743	3172.55790372733	4335.2532857777	5520.07298576888	8937.46132636787	8331.2119553351	24959.2009631264	386971.782200967	56259.1357745319	9978.49075617167	31930.2969198551	13271.4210239032	22969.6088295906	168201.161789187	8577.62100260529	24992.9354376914	9206.11063453171	12032.0288776405	6999.61419132426	2198.68808786044	2651.43464665562	3602.1140827311	1561.41878777746	3453.9212217085	8266.63781361069	815.757018253838	194.365890911129	0	9.90054106903302	14983	127388
19	2307.02967999497	2733.82640496284	2056.54068549993	3642.85682788637	4278.58339308124	5357.0827321049	8650.07782086468	9666.23468550771	26662.2574035783	413020.641980809	37874.8198317962	8746.93775901203	21371.1532644233	13894.9265678087	24544.0588274236	163891.09683699	7704.99423158884	22325.5607453235	13272.9262591022	16795.5503921948	6239.52179841889	2313.88903854775	2302.4786502008	3176.35677654526	1757.99888858725	3994.90186812756	9946.92198482346	725.54113900416	265.057913091699	0	11.18698523196	15119	120383
20	2175.41167217446	2969.99257895565	2161.53363979624	3265.51358716594	3376.51255120443	6101.08156171221	5560.56873763694	8639.33975205471	25268.5738806786	413896.432017262	41929.7198361713	9109.79116409745	36376.7390556631	16579.6423462954	23030.2161194813	176722.520456215	6332.66644073443	11709.3751448181	8754.17525826289	9745.00519793348	4829.24124308871	2470.49829979866	2449.05137774758	2695.10694825119	1080.86431544564	23061.5103717507	8570.54147562125	847.509364928396	208.517318364072	0	10.2413152508827	15128	117963
21	2382.17105508236	2807.89339118865	2060.00555740174	2931.65262006049	3853.64276672068	5464.54686533747	9595.99567279329	8743.84537599969	26724.7542361166	365622.211764478	41152.1589866366	8474.03585107244	23372.3809461007	14091.5941729301	20694.5579658147	162414.889044618	5677.58579790722	25257.1295328111	10821.9638163306	9262.42246786115	6056.87686678051	2045.71238660322	2137.00825579817	3193.99994325694	1446.47428229394	13618.9189498148	7337.49504979713	623.364497145083	146.663044722895	0	9.85863484883711	14959	107712
22	1868.99663300134	2662.0735109027	1970.45204020693	2720.61466298474	3421.07035219474	6235.27745070962	6574.185129176	7311.24770962247	23906.1975633547	427375.298648647	53429.9137740001	9372.43163983887	25242.5264193928	14640.4454897817	25859.6914161428	209463.653319882	6161.50466806004	22495.9094625535	10560.6226639157	13603.0726504184	5852.04851881728	2561.26134712596	2678.87064340477	2716.75513100258	1483.21043674962	2924.5983261077	7607.82455026206	631.926821919699	423.041555685095	0	8.87020165276182	15276	126716
23	2202.92372157813	3104.09307396823	2391.64629163732	3902.43585149283	5417.64909264029	5938.38789441577	9063.81917708048	10604.311868087	31562.8927613259	427708.027669612	71784.1339605549	8024.53110684458	16395.5994916502	15794.526705119	27323.4842376024	188339.398988343	5827.52807118254	27230.0975885265	8877.90027730825	9916.3797797388	6496.1219114139	2334.16194912812	3752.39855896978	2689.5263995453	1662.18463860597	32686.6512767469	9559.39198128091	1206.94305562783	326.326757941305	0	9.63693371800626	15275	131901
24	1656.36001247861	3168.6070331392	2015.24689952001	2456.74664981335	5593.84937384641	4990.54935236175	7525.6613398628	10187.772123643	27074.5224264086	377653.282938826	44176.6255162021	7483.21107964246	17778.971189668	15970.766625461	26955.6329697423	200403.414934312	5772.18076428422	20018.0887579144	9794.88489676164	6679.19355340994	7339.99829716538	2546.83562084259	2425.12727213137	2968.59421457919	1259.35665797906	3463.61361199808	8264.97663675178	738.18372663289	179.176933394325	0	8.19783321856575	15053	119423
25	1512.64592070538	2806.1233509236	1773.30310446367	3370.12749165843	3491.02433439758	5476.9007410713	7849.30386527583	7306.14223008531	25065.3168762286	401711.382259663	47718.729686766	9824.43455901197	52330.539687443	14373.0053500682	25088.5795662765	178605.315402551	6394.58285981724	26728.2777864187	11855.0766601704	19874.2006233501	7638.30137731655	4080.24664882542	2505.02898702496	2666.00453058525	1251.20930343444	12906.7663354255	9623.86987912257	709.770869075722	202.841599126574	0	9.63726541994508	15175	119354
26	2210.36192875766	3271.22659697856	1734.1624097525	2455.16021037637	4146.65173627497	5032.56730073724	6037.4089394605	9573.23005767933	18197.8369425888	370389.157406381	61402.2288787119	8961.68361700643	30768.970214281	16125.174417872	27921.3921246209	197883.2138563	6853.82517421176	23011.9553796673	10592.5498793385	12769.3536827304	7052.97409853772	2061.48979653829	2464.47077317065	3457.19995792728	1261.21686922903	3726.07427617429	7651.40403660258	774.694362620673	219.766281004654	0	7.99243150031682	14995	128406
27	2157.67209422534	3015.3388942817	1872.82104192294	2549.9170739755	5077.57774560896	4978.56592710167	9690.85626392888	10154.2044471805	24441.7599865893	405362.880615529	59868.9633848223	10225.2556867253	23806.8035510934	12316.0915877042	27981.6875692625	181008.919353869	5911.4351200375	22616.1509509707	11282.8075681946	21072.1645372941	6294.9941856913	3648.22405663847	2966.49783255	3570.12382791739	1368.41500508289	42381.2999010165	8900.74589014784	766.392439408291	137.226396473457	0	9.65887258538016	15258	112483
28	1944.89793532363	2484.31122996984	1691.80598722919	2554.52738211699	5851.31405560084	5964.27671544347	6586.47917160592	10791.9209322947	20613.3061095634	378003.648078271	42011.2547928752	9694.81004760667	13775.0836477536	15440.6302736919	26312.408781403	185324.284562667	5228.30586144546	20377.684806935	10468.5806420127	10781.5053766445	6448.91128301088	2378.79037618308	2725.12748742865	2844.58530366045	1191.24078029837	4030.37789812568	9680.78411124515	1131.35048155542	86.5110956258481	0	8.93623226900144	15418	125614
29	2129.11500286075	3087.62795292961	2392.14057288518	3107.16743028993	3689.49333707917	5462.1287861749	7107.4245292295	9662.67980496077	23498.1030154614	365106.126468186	58213.6242561563	10310.3137808925	31010.5748666363	10907.6287170334	22757.6567265694	173535.42868811	6524.79421334326	16537.4453286431	11192.3328365126	3712.41671762255	7446.05944228361	2270.59076945889	2867.44011983572	3427.06911989145	1602.81511552808	13739.247180081	9187.0448366041	966.032569814928	111.353697240927	0	8.98689944636209	15213	120481
30	1892.67543281478	2571.34270634743	1837.23809872932	3000.46166496259	3355.71542953382	5523.85677558112	7159.28882642528	7354.04746769711	25307.372684518	391604.345821569	80771.2194741643	8052.0448221956	54379.2724740066	14102.1295170721	21252.3847877625	156407.828096179	7087.42755048823	27493.8811243566	9974.44989187561	9610.40574833169	6651.43960453117	3038.90701602235	2510.91992935162	2572.8764800454	1435.35969971545	13421.3110236212	8829.56026138322	969.554181191101	91.0186922591273	0	9.96041635171968	15272	112850
31	1589.90878127526	3321.12593492643	2035.21848417413	2737.22939309624	4969.48875400307	6118.0723989523	7157.30814295923	11238.1777284443	15945.2646502603	318976.789398712	61649.199802815	8820.00368154691	32395.7900898318	16485.6586410439	24885.4036388463	173909.136987251	7552.1742388857	14959.0130254392	10720.7532156083	14319.7352065497	4996.49032387956	3034.43971295429	2577.29082715726	2507.86319744562	1380.68282753617	3329.20576461641	7441.94191298426	839.628529514119	319.540030639171	0	7.7511692961501	15597	134452
32	1912.8489707489	2863.30301801994	2094.23248342893	3122.21597018325	3228.72278610109	6003.5307408234	7772.7748461538	7121.63803412699	19442.1436130421	353519.72959479	48219.9797973778	8478.75766848577	23578.1844290562	17281.6437469081	19578.9544447519	164615.983245398	5620.86191992225	18922.7683695646	9806.93182598351	10664.2883200949	5526.76371720579	2829.57913437858	1921.31948406391	3829.44614784923	1568.62576729076	22885.6528196712	9693.02351674339	910.943610475761	216.460953743466	0	9.32908870293315	15036	115471
33	1637.87193692826	2761.93618040908	1633.25243145878	3073.95903871872	3243.16573205853	5554.77940311444	7544.08585200088	6757.12396289278	23932.3171815795	357605.635163437	39785.2283820704	8956.84469721706	21649.1536377422	14799.1200237072	26936.1679332105	195728.92754181	5260.81568670027	17850.9623978749	11243.1312789864	11715.3115932344	5781.38905850095	2158.05803987295	3277.33222524596	3272.41067717917	1848.9464633901	3136.83925064516	9148.58265952846	756.725405561009	234.313193909455	0	7.95685713992936	15062	103151
34	2220.74219911554	3226.2102314104	1653.73402856012	2596.04556385744	3534.57018046867	5309.37437842343	8007.44453623347	7669.56875549959	26242.3859569087	394888.908629202	32461.4781783688	8743.53107718112	48662.8624766999	16103.1792559497	25531.6768343177	175317.509981913	6608.77814840584	24085.31221716	9665.69076309445	4741.66769308324	5464.10058439242	2526.84450484395	3201.729942612	3447.18667644926	1401.95424872375	23205.8238401516	5244.80264756996	919.262006574167	205.847013779871	0	9.75403567778172	15126	127769
35	1843.83422831766	2969.61550873151	2316.60004006754	2699.00849790844	5490.65876858326	5286.88807520354	6316.02528912849	9885.56527066973	29700.2103070687	418801.824827811	40147.3362001122	8338.03570298766	31181.1090875938	14696.1833434532	28423.3268120172	205683.75644443	5838.81679192336	19684.9788924797	13764.188650524	20617.0329675838	6637.91319582831	2710.95563975716	2376.99808014463	3567.354828662	1571.74076088639	12712.4842531495	9213.77343663747	547.932632068058	219.404063723357	0	8.91999819222007	15057	109995
36	1667.92451345578	3540.09021433561	2068.29833160167	3744.15070294412	5339.50514123868	5931.69076674116	10139.2111843139	10834.4990938401	21072.7346613055	359292.595207225	36699.5413678847	8874.04839852979	22095.7178399749	13819.3801680078	20927.0049496064	170680.710565498	8310.93332915662	20533.9908314567	9751.19749087528	17487.7060679181	6188.59452267333	2920.07613038113	2877.0790173349	3859.90156374451	1684.37375538274	32674.475756527	8431.80583704214	816.646562542479	247.830626291151	0	9.30108159703389	14980	116359
37	1882.94510011299	3561.25434945079	2205.98679123705	3008.22680590189	5068.00078451431	5672.20995179703	7661.65768637287	12702.1073945913	25242.0028176042	372196.087298978	69176.6917086002	9561.96198911791	50225.2838616872	14844.6593406888	22344.0213619744	160454.834374239	5447.42826550931	21530.2583540314	12109.673632215	14490.0570500366	6217.35214552991	2693.05876871071	2726.083714223	2930.62270373388	1384.57425572626	3434.50219449455	8827.21374540126	857.84725398756	199.225988833034	0	9.5861039141876	15428	123962
38	2351.08432316098	3258.54818183032	2084.5339221633	2745.41932990077	4174.81123042426	5047.55120404879	6725.24653927467	8010.70425421147	24317.0139054506	355066.374978702	43824.4764342885	8631.2233975466	24845.3018056016	13447.8336651285	30106.2626705118	207873.906930605	6249.21007792357	16174.4730675043	14852.8895623481	12947.2363213919	6899.81913871553	2571.37081954018	2130.86839602565	2859.83808320278	1435.20324373237	3236.76709689012	9808.8344403	603.232957042016	336.980101844541	0	7.39627665282686	15076	107583
39	2836.01942417767	3215.487017577	2146.22922117564	2686.21051878719	4019.58008572217	5311.84580607697	9493.15339644356	8795.61312529388	25280.0086767794	403379.682376166	63300.805255023	11059.3359283712	23950.0775036994	12748.8343924425	24891.894437232	195143.407049107	6187.77728992047	18078.5418838823	13426.9706119344	11653.7216395765	5086.08387627515	2595.24758011154	2677.41124966882	3377.78468352038	1513.97479025082	12764.9050353103	7251.72476307092	1104.14964479286	138.674813108139	0	8.88650254999642	15116	108479
40	2001.71233422327	2521.29383565896	1682.42670355921	3337.17670787296	4169.28916178889	5715.39576524131	7995.83810438336	9916.4410609863	24239.1271596724	431116.643243126	60040.8589710691	7298.47311467481	30541.1858515459	12188.3711391079	24104.0667355039	186122.887031927	5710.69696461157	20181.230077846	9858.50847639169	15209.1528779097	6708.74424706458	2930.96337177562	2701.95076806862	4639.82776023633	1163.70621807145	22828.4320803515	9480.10989989076	780.716656394779	209.985794903125	0	9.99774822528424	15249	124634
41	1884.69098421273	2260.89145792199	2359.2307312403	2524.47527906866	4985.07544251545	5380.58894235887	7506.57508289859	11430.4206377988	20490.5466591727	385033.468642193	81538.979372929	8492.80307432133	17434.6305962993	15930.1573589881	22482.9394952632	166096.244515466	5037.11063871123	19765.5292712373	9362.98034763046	11487.4542641059	7365.01670958101	2569.67626725454	2424.23572118264	2903.07622029679	1264.51685640796	22985.0616147715	8269.87423092698	713.722917050894	152.826070170795	0	9.53398491755962	14960	111218
42	1823.69608720032	3013.96021329934	2076.51726475922	2723.36404311451	3448.05096178955	5412.00925383369	8554.97454292357	6401.20523954651	22803.602744203	396134.658483767	57735.6368681207	7900.45500957198	25501.6726766446	14141.5335697216	24822.7438549656	174000.92153505	5811.48620840647	21106.7860050523	14942.7708463898	24055.8516553831	5817.32515913549	2624.73568707424	2379.12217778563	2972.9361975369	1792.21642608772	13015.067630864	9227.75127900349	748.821729509674	262.025729365999	0	9.81282873299589	15081	119775
43	1924.46944333595	2440.90238666891	1907.00468101967	2299.59108134727	5637.99365929443	5143.40407003222	7657.25189323066	9054.30221680592	17337.9239702834	349322.067301802	54146.601792775	9080.60063629095	32048.2385466335	14416.1274706582	18172.7744405671	146376.468410676	5801.15445027609	25285.1031369695	9234.23070278823	11662.982709033	7655.57890336097	2909.18880226888	2735.63781939679	2882.90378240925	1722.79231300952	13623.2073005058	9085.82048279585	1291.3486227876	246.639026183588	0	10.1936954896422	14980	109041
44	1821.44202452749	2604.38042681264	2288.54170848815	3416.27243019601	4479.31988890105	5114.95512294185	7020.64015999725	9000.29312169364	23781.9345984114	395319.104180437	48200.2127178875	8251.69672315765	29521.2230723297	19493.561417486	19999.5827928162	173415.684965163	5990.22718558694	31624.977698047	8390.03800175551	11710.0132369901	7547.93863335594	2195.90676805667	2394.46056694394	2957.68661759307	1791.55982669335	33112.0145923483	8859.92544003505	826.350255568017	268.075636659207	0	9.90309437468555	15310	129934
45	1883.9883041074	2345.58273252907	2215.36822315598	3208.11281544394	3738.05326916497	5220.18696522078	7672.87169179738	7302.0713033344	24855.0498842111	412620.217365553	56376.1762387929	8015.78659031746	40697.9197539438	13049.3642596889	23275.8773651494	187639.55383669	7744.44774320457	21959.9569902453	12027.7933809987	5353.06851309468	7131.67434134016	3042.6116288411	3225.44896570432	3565.06149146235	2020.3504828794	52132.5903202381	9042.19676837482	878.900275818208	231.819304895132	0	9.43956011641808	15280	115810
46	2508.15253564693	3996.52685067783	2191.01556964098	2397.75873744276	2895.41172556177	6200.22111429852	7354.90380077864	6993.06339563186	25084.0202212727	355109.004054574	45058.8721990386	8825.86368451922	56503.9986332514	14819.0210581461	22160.1643239332	154015.24343213	5528.01813244579	18861.9009912168	8310.23782600569	8040.59033187208	5860.84210035209	2053.66513462392	2781.72956446248	2656.84552721328	1696.66451468764	12779.5293119641	9823.00144587364	1175.59667188955	177.217602164515	0	9.689836575276	15379	124974
47	2207.39242478607	2927.48343293639	2287.71569052228	3682.18418385037	4400.70252261217	6222.6424751286	8308.72831594002	10818.0682108179	24746.9113485219	408821.589386342	40260.6276240293	8948.21441276163	20005.4328886634	17897.961846291	27967.2586648988	201843.544129273	5773.5187763985	24316.4480286894	9710.50848765009	9445.61275940408	7644.88047795636	2865.44608034253	2978.40641251139	2556.58437922057	1334.71393125374	32044.7902677068	7325.46645522344	921.629073642496	182.131505171795	0	8.89103416853069	15359	120516
48	2209.46984056666	2869.46937647169	2297.8272831997	2373.35136151399	4714.49336463211	6190.93571804497	7471.96219284344	11686.9978686329	26867.5617131114	396378.245779791	57353.9157307839	9638.66386905301	31278.4484720325	16919.893908361	20191.6828450596	162956.855279254	8059.54302802635	20993.487972843	9919.96507392605	11272.118839135	6501.41062520166	2724.16501641258	2565.24146625462	3211.9993674433	1489.45390127179	23210.4761088196	9615.40468768797	882.695570264535	209.974680237154	0	10.4803860106136	15503	112847
49	1894.69344641281	3113.56931004867	1967.2492666545	2831.23555361775	4315.34699725227	5414.34141634902	8736.25909417623	9978.0269975651	26879.6544370111	396817.375129475	29163.9791804622	8412.9336866918	12595.344529685	12796.4558703047	28093.8972230637	205993.082682867	5871.61534732677	19291.5374841284	11450.7838798376	10429.9712139473	5084.60717014483	2466.09276277533	2446.02634936945	2521.436469769	1616.95688484494	3472.66909282446	9312.54449445684	734.795121990546	125.11646601401	0	8.47327437694118	15096	118139
50	1784.97848807802	2939.28980623817	2139.77606401535	3909.46468298398	6321.68524256579	6310.28725762224	6902.934210651	13277.2840081814	19215.9640104948	382839.876793332	65905.7186677278	8774.35658674325	20862.4431743417	12382.3583313634	24687.3717767234	173209.414536339	6575.06711735035	21352.7490617385	11740.3587085577	12882.556581409	4975.88141684515	2881.21662407347	2594.51285756297	2333.81111485619	1505.39463932121	3275.01316426969	11624.3414342796	887.550981686972	589.030493262045	0	9.43048490195611	15167	110520
51	1991.80519315696	3143.72743200385	2434.32713558308	3455.75696932313	4482.40761839274	5135.95114580305	8131.05573201277	10924.1104024016	26349.152019532	380819.145763086	58230.4694761091	8126.24727343561	32760.4525116778	17038.6055855014	21282.5273738267	166107.688843479	5669.98060697236	28805.5822652201	10957.0052561475	7900.36555038369	7597.59471577831	2245.91949362357	2527.11538523377	3299.75193361834	1697.02133408709	22770.2578341209	10519.7102061174	565.538367938345	344.438136096878	0	9.79639337869296	15136	129928
52	2081.4020282603	2714.14147180583	2217.90515336324	2862.72819526829	4197.69118180676	6465.6652629614	9196.09058757193	9192.38966963783	19133.362026128	361699.855229354	52344.8457848215	8272.02035101842	43155.4083687859	15292.5956864457	23063.5436904759	184058.388068359	5708.92539340757	23936.9349100823	11124.2006037937	15736.6666992304	6917.82421665704	2453.84439646577	2829.891693165	2592.84360542671	1400.82911726178	32590.3362312321	7998.07969827339	806.511088660274	156.318211319418	0	8.42303208222158	15023	116011
53	2003.45559649414	3263.93248350727	1957.20404182872	2740.79636285424	5054.86588070478	4830.74226331328	6945.17039959045	9670.78244575855	23165.6645663869	411326.62427814	63465.0680178639	7977.30758351752	31813.8085651015	12974.1576833421	24802.8814827603	170565.665794483	4957.8075524187	20675.8657975282	13146.247773696	29127.2138139013	5271.53829662872	1989.81517194353	3153.43616391617	2355.96383063994	1449.9901816224	3228.79325152924	8836.64721337298	554.427487393815	203.027845899337	0	10.2875180515163	15229	119278
54	2038.50668339457	2380.25360134225	1942.85538264841	2053.17466306747	5055.65199495228	5654.66557000847	8898.18555922061	10331.8517327209	20376.4535569719	344238.245367824	59658.2455818187	7542.36943668815	14907.1505338219	16430.4614272114	22638.317184148	176564.798881327	5969.82521723618	23602.4209894948	12870.4459768253	12444.4290089074	5889.25366221114	2195.77233322769	2687.83165926058	3557.74851257227	1552.19831386463	13252.2389606861	10502.0981244553	978.313541986265	161.526108064453	0	8.33220087073847	15109	130490
55	2182.42643655694	2895.01838836564	2158.28608274966	3391.34788335118	3577.40769412144	6378.10893438582	8318.8030265748	7401.21233192398	27753.952805194	362856.471217028	66284.5737860629	9460.20527262137	10782.8167032029	15439.1946824579	21970.9255363951	174533.779251779	5416.69826479237	22007.1318354886	11121.1046613315	8540.3453191574	6637.4996511097	2139.7127185708	2981.56252246931	3524.25900807382	1513.36657584007	4250.54373558861	11253.9400199835	710.162335904659	309.340609444917	0	8.790836477852	15133	116122
56	1729.56399033603	2749.3588988714	1933.76967074011	3481.12679174349	3562.78348715302	5856.90852854594	8921.41245708237	8157.45465069271	16599.7176644179	367730.122014047	38736.8731170181	7778.26121348875	18050.4163943894	14142.63770204	25861.5852312601	183421.226787174	6127.7942626908	16899.6831187669	8831.77745085141	8244.65996611721	5064.36740179772	3238.81966155122	2541.4768209239	2836.54069633086	1694.28691194656	33186.1936618695	8566.71417566093	764.720744272391	185.310265730542	0	8.79073738219744	14992	121970
57	2149.78537463821	3237.07497024354	1930.5307633933	3405.46564861899	3426.26567536977	6171.53314564553	10182.6386472333	7895.38972139961	16531.2034990214	353753.753963946	33139.8771884827	7907.67482504711	27003.4019052139	15000.0285771917	19182.7077145343	156823.432624838	6606.54758176651	25388.3067875351	11232.1266721858	14685.8820049163	6271.02298677586	2144.74651884061	3069.06904254088	2846.13969301586	1566.44849298726	3575.43938014832	10214.7134164944	828.930223135338	198.031629825766	0	9.96992978669205	14704	109382
58	1948.49259235099	3838.66873750991	2124.80610974743	2839.54045538249	5063.17112888794	5414.86449337496	5222.24573752373	9487.37934376081	17403.371296958	356998.082903674	57026.8891269243	7807.03815401531	22868.9559551688	16451.0715636597	26817.2313892281	188289.815154055	6932.33702566742	19375.7948629885	10860.9068358855	12847.1129116622	5626.23457546481	3134.442407619	3127.76518799028	3315.31731159572	1477.96918966902	3146.63967282033	10895.3736439592	836.651313116617	364.120940827859	0	8.14537210291008	15105	110592
59	1973.29331991307	3687.34511693559	2122.68416408195	2730.73361701859	3948.39822986815	6275.62553244893	7119.35103653975	9054.77900362607	26974.0197536121	404439.750646979	40976.8546872429	8283.91359505033	25566.3051442333	17491.9318874459	26861.3603497803	180589.174375194	8391.75580164218	24760.2843144033	10645.2969465673	15002.521720586	7887.21156334339	2890.72424336806	2213.08028499987	2602.12389808226	1343.93541039074	32557.3922159192	10605.0382448401	1039.53232461743	202.239877522169	0	9.84867973711032	15365	119811
60	2105.78222789469	2968.81766621821	2050.15750482302	3634.15049956185	3006.91951015954	4407.86459365303	9124.53848111594	6581.96868376512	22135.9444619785	370720.339813431	36822.4897912512	9678.685816752	25566.385552132	12576.8208562521	29950.8473992354	195096.777684804	5601.69275556225	25361.1955605839	8624.79120079621	7701.09024279275	6746.33922744012	2960.31762965309	3440.7158312006	2728.84928335302	1608.35052308951	22475.2733851745	8307.3128230907	443.967958962842	144.657272282927	0	8.28298157205633	15167	112014
61	1821.6151419537	2897.54172412425	2025.76854714158	3440.22581253884	4623.39758353947	5397.96726172504	9340.2251805885	9116.76397334221	27924.3108470925	409643.65592662	62668.0906753441	8938.90884260961	55942.4114034844	17475.357032812	22794.9546337253	169108.881635599	5420.48466372042	22496.1941044274	13556.5793155801	17849.6279695579	7033.90989862505	2197.75199685143	2398.72867426003	2836.82024593167	1244.28231837453	4016.20825216878	8270.85421460769	892.83939460909	190.746608124691	0	10.1547964028852	15422	134732
62	2115.58335047841	2655.97307456176	1955.31790568391	3054.69001182764	2767.53523791161	6046.57374069163	7131.99094773566	6997.57009643172	18735.6124092827	373625.502716978	37857.995154799	9385.88214008665	12749.7959610101	18792.7798335886	23266.5139463359	198319.439424474	6689.21188845779	14414.6104795784	10621.9038847199	12728.5779552262	5827.7983347925	2422.19366770562	2023.26175425524	2668.29196106952	1433.56893584323	3216.59166990701	9753.28650293989	640.464860355876	175.191450854418	0	8.25581857227138	15139	118099
63	1917.13763253241	2878.91375258698	1941.98244748161	3895.32519968631	3631.16038200533	5279.94347370734	6589.27806231356	8020.86281644742	24538.5520632033	383552.79423556	71388.2618702087	9254.95404343036	46965.3180526333	16510.2382049119	17742.4982751456	160635.056290007	6708.97045789986	20776.6763033538	8308.63437806386	9973.4553387325	6344.44393907455	2488.02689740376	3042.93888125954	2154.75747226862	1554.11310378544	3700.56048671322	10633.095947773	568.298205259487	208.808701234068	0	9.83479408646857	15538	130456
64	1684.69210480099	3070.6945754335	1928.14685685819	2755.51785106183	3436.1158504291	5230.77664902046	9372.32226142638	7767.2853353311	30113.8274625324	466838.308251965	61645.9330327758	9146.16913298342	27254.9278907752	14740.5486220935	23382.0440719561	161307.81103602	6471.43064787956	23824.4016782517	8163.55752923712	6489.54631957085	6468.94801450449	2533.07594534884	2805.6221803458	2939.33455584286	1461.31767759501	13876.1499131822	9563.96367427792	1110.36086472796	223.510126696668	0	12.4041238275703	15401	124230
65	1932.24380021692	2584.72319972673	2037.73189561041	3232.7687369687	6145.23541258059	5820.189457499	8638.99005007329	11746.006842201	28677.1056320074	403543.233085274	45752.2941253778	9656.73864456041	34170.931354076	15020.9946399711	28448.9538038799	189474.315711675	6664.8605577902	17196.3117827082	12930.7398764123	16309.258798671	5641.31279536734	2435.83442225562	3139.75660586452	2877.3786156974	1510.97183833511	3564.8269099859	8828.26448331766	868.629220293934	300.844418783656	0	9.30361423987523	15190	122717
66	1682.74974570017	3298.91857853383	2212.36849550066	2675.75583332391	4621.36514517364	5219.95690316915	5258.0855496325	8580.22894862963	19566.5924383215	380989.359813792	64627.3273227524	8610.92723387484	31918.4106586306	16547.1996840525	19983.2049912845	153745.855610927	5789.4779639466	18399.1986091465	12128.0436331934	7532.56909577691	6249.08149561254	2963.80319470884	3363.11628224715	2191.36511627833	1415.59699040558	12941.7088779742	7141.15892848712	770.080847281245	233.172323714109	0	10.4454343066585	14959	108426
67	2106.04409341344	2825.74416595073	2227.09354011024	3462.14291831124	5124.17985704168	5157.7317850792	7901.31247432822	9771.95840296251	26372.9548304978	374395.288068784	39267.3597220787	8156.37288915645	36303.0132167403	18348.1220784017	24473.5717472217	175122.484796434	7796.09242865279	21799.919614376	10497.973183412	8788.68671363054	6559.62876770625	2666.03635224251	3151.15414176422	2568.22894885169	1642.11269953975	13540.6813111907	10106.0341147876	607.316833954872	204.62919309046	0	9.33391340073328	15194	100161
68	2103.16496198865	2700.74383385352	2501.05690741616	2284.75963736299	2972.52365865741	5382.56595748907	9272.46513064681	6414.7168014685	21835.3367272921	397667.695455287	60155.4704678389	7984.07846652978	37292.6988697852	13139.3405160351	25461.4885669804	190929.45905644	5898.6273502558	19341.945116617	11528.8677613264	8441.41721157614	6317.35171742076	3564.86310650548	3041.88990247517	2011.19991370583	1504.82210430008	3697.56425337713	8954.47848837066	725.179183260891	186.024914984294	0	8.90622421548899	15131	123688
69	1833.7311123964	3067.8818624381	2295.73729129565	3379.18952506338	5711.53609624553	5812.43032723687	9810.10821788899	12291.7460023849	25000.9149288133	369949.580179311	60500.3178277548	8884.4045624247	22517.6138583403	15561.2901278402	23839.8017725455	181471.127163185	5946.55219051702	19733.0907965541	11747.9535506251	11821.7890848653	5751.60536096862	2506.19620484918	3825.51786055858	4325.45830894168	1477.75690264152	13252.3321680772	8633.05067953012	769.794704357243	138.398391755343	0	8.75770995632804	14799	117176
70	1574.17324436428	2710.76155710547	2030.96390736214	2663.14794976418	4086.85723752681	5049.04919477162	8190.51086437698	10618.4308281473	19549.3270255823	343087.45368797	50640.0862933982	8638.58744775919	26985.3403927646	12462.6051004547	21301.1372652921	166795.03014295	5725.39790405501	19895.951676432	13430.5420057509	16557.7547522289	6537.07904923444	3012.11343469246	2449.76411833352	2008.87431557113	1789.7672849259	3078.90000744252	9469.00848155594	958.46102163149	116.91549609805	0	8.89188459973056	14734	106938
71	1817.53737889342	3407.70220557158	2022.44587102175	3484.84701845214	5191.62548202428	5257.57842657277	10272.1229202433	11193.9055013111	30431.4758445865	459190.512496609	53630.1659030405	9399.29811546876	41159.3449552402	14824.2250089489	25253.0497124183	198839.708670505	5804.88588637836	18293.0948371152	10706.6771444132	13782.2928507207	6265.18331883746	3032.13801654402	3222.24381784011	2273.1445474601	1694.37600669736	23306.2162685867	9373.65348272698	657.649074774796	190.416143421123	0	10.0431863144216	15331	119980
72	2400.47425471516	2788.69253407068	2295.83864319722	2975.04749067209	5319.78013013861	5490.12945613433	9406.24944068192	11195.7816041657	19032.3814636166	377631.440433401	52043.7147400324	8394.24593776546	21540.5527989034	13781.5626911725	34267.3113657959	236955.616502753	5650.41192082315	18215.6218724177	9570.6216994956	20218.59212239	5949.01137537906	1779.66917203547	3416.47888479402	3225.71803735228	1735.08715525928	4840.42603204272	8983.39756195538	699.860582121075	203.971139985277	0	6.86205459861052	15498	135012
73	2006.33727263279	2839.88886556571	2459.7529682828	2775.76581863359	4515.4052910881	5386.87264049643	9718.36692915774	8516.16352581803	22051.0662588089	393167.871991677	46364.7588507784	9267.16678947076	41997.2376097209	15442.5122764336	21754.8258219088	166556.572103903	7791.06669880104	23485.0901998691	13611.4916818332	18160.0221972012	6460.95496599115	2752.64848773116	2604.98754229732	2948.7253643846	1692.31944909881	23017.0535776615	9357.67470437127	698.435230106778	275.318808890557	0	10.260750956764	15164	120212
74	2032.45177335212	3174.02407041348	2632.08807014918	2569.45204820955	4590.09175653474	5229.59517280833	5617.1249519188	11157.7703989422	24113.8136839262	378399.418924937	40295.4708314153	8926.40004936176	14153.0586706835	11197.9526055195	27179.822157573	195108.29705694	5510.8072036483	22056.3930996302	11455.3488982869	10540.575662601	7480.16205365621	2436.69281614571	2054.32592097721	2854.07267627054	1366.41544299666	12988.016718773	9393.06025734746	791.530325383449	246.977123547827	0	8.47980058561441	14816	115906
75	2105.01910036337	2486.49510487628	1660.70893317285	2943.22601145985	3759.34977445397	6825.73238940288	9268.14896292428	6789.03751352274	28088.5832851991	382478.303837409	38517.9221175816	8177.09603291946	13709.6209145029	11154.6586526122	19633.0802190653	144253.53397488	6032.31254670072	26277.6163387733	13466.7682173141	11691.3643546117	7332.73776837597	1860.31723542927	2290.1209726998	3371.00080087503	1411.72312166401	4851.26653507142	9704.91695485482	1030.66104935709	420.370134971957	0	11.6857861125526	15278	118172
76	1875.95804950943	3060.77112015343	1848.21821165649	3235.72437545982	3235.236353293	4756.96863917696	9034.29301739857	7384.97708581068	20244.3445335145	412147.2175772	47761.7461852268	8122.0215956317	29047.3748939888	13788.5026554359	21885.4726110017	177876.664673412	4905.51522999438	27795.1309639266	9218.40978816808	11220.9026321696	6694.81139696956	3409.82001004936	2524.73131022806	2593.27100991926	1496.57323042029	22340.2202840665	11187.6328940297	1249.46903359663	285.872484787722	0	10.1027338531224	15295	110910
77	2206.57932650213	2647.42290404591	2319.90649433794	3675.95254134458	5120.86029331466	5338.49207040074	6981.85659479484	9310.66758012631	25852.6005056229	392545.601591199	62334.9402839057	9959.40185063441	62599.6722019282	16734.0273862278	26981.3597162515	182843.220609638	5653.44427654335	23745.2246526984	9888.08682567837	7454.47730746342	5846.58299057329	3568.30936897854	2222.94135185965	2819.86526939857	1617.40157956308	23513.0040586612	8915.39618716402	1025.87321028908	242.131183474677	0	8.92220959769749	15080	126517
78	1831.03121516605	3385.23528070584	1828.62717258399	2505.27616193538	3210.72525342115	5037.55109413775	8178.97471204267	6852.16068916507	19995.5917365798	360756.004902022	39669.5347466271	7869.73453835202	48636.6160795516	15122.2185098702	27491.9212141792	190468.121580497	7136.60532791676	25845.4387145165	12350.0526078794	10074.4101882528	6462.72141001493	2074.86581505157	2387.47904132683	2448.90342760225	1442.42808656934	23466.4281110361	9796.97139014205	911.723544619614	461.774027436063	0	8.13631894533328	15176	110434
79	1760.24583375467	2527.10462580948	1893.89218335387	2397.11334002693	5091.72243435442	5740.20756868234	6930.39612302569	11111.4643578077	23404.0223430402	354783.592947497	58519.809804937	8808.61259072846	21208.2931305441	14153.0841593706	19756.9483205055	168086.927814495	6112.68921440592	24360.9869354949	10108.1058515423	14211.0506883209	6185.46723529362	2585.30894624254	2604.43126047519	3207.26331592433	1407.21140771956	22569.4163318607	7776.07700725894	815.592034370836	218.947302774731	0	9.0399731377822	15032	110264
80	2113.20535689183	2838.41405038887	2151.13623209271	2719.46444540234	5356.4085643248	6412.84418650244	8135.06102020763	10513.3242473445	26517.2321733631	406661.657082924	74658.3354836696	8337.03240991401	23320.7208036401	13967.3366005745	25394.947901347	185482.039469634	6033.71062285335	21252.8676488547	12106.2901505007	19248.4592973947	6454.07407122501	2429.8450233529	2681.04935108985	3080.56330140618	1726.33292396553	14313.6437516858	8612.44019331536	763.33306712368	329.591151695729	0	9.2602404233854	15124	120846
81	2271.48914322956	2503.99428892844	2137.20015157472	4080.1360373857	4950.64009614495	5817.37741025585	10427.5467674315	9243.11945134538	21742.3596433629	383063.502150967	61481.323949348	9301.15336501787	32657.8263535978	15839.9763516755	25673.000441412	158393.960948793	5103.59227344511	11586.8031691753	11553.3382775266	9405.94003128229	5585.59437200256	3143.86033424962	2547.06472858402	3648.40626433404	1299.42124926424	13604.7538955359	6492.94567614018	972.68477004346	183.132073530794	0	10.2929391184717	15517	118198
82	1830.73936655713	2832.73646209988	2221.24796472958	3127.57421454846	3981.6109567526	6686.68625458564	9939.35380428702	8882.66006907419	20301.2670528344	363185.183667433	41938.9747370657	9204.33685199416	41408.3930285399	13705.719179649	22429.3115760231	165261.536289331	5128.2004624138	15314.4381685465	8884.77409741045	8322.37244144612	4961.1060836263	3048.22782586579	2439.46515086206	3288.24013563324	1182.62941880523	32740.7578633668	10302.20620955	952.937175167931	381.285939318132	0	9.52415541549867	15036	116408
83	2031.73972662887	2790.01814116499	2032.00041702984	2826.90987352803	3182.10688021148	5045.83638823734	5120.44809519355	7505.52895461908	24193.5221686537	388233.633074249	50513.7606915322	7627.85138177408	35070.9591544913	19677.1537971112	24192.3820378573	184824.341503732	7501.76585591101	18026.6661037786	11531.6434482402	4666.51699959607	5926.91771559306	2442.08058645248	2984.32313414464	3523.20896307972	1378.81556750231	13558.1970399266	7806.9832750153	632.765285832692	233.950182506952	0	9.06284133431475	15617	134033
84	1827.13788103591	2229.14623391099	1841.0893171414	3260.46058380801	2910.40476654796	4808.60307961596	7612.88031297083	7359.28759645244	25847.1610987649	342344.549779214	37216.5331187028	9166.10850481755	31373.6680350043	14412.9777478492	26020.4687427133	182859.527014085	5427.23323257395	19970.8528145807	10209.9868381742	10757.4414122973	6887.11248094949	2242.30673349803	2777.67274022054	2797.05760474185	1634.19387249408	3449.4177254612	9347.56761499326	543.017883390569	333.835584413001	0	8.13048289784951	15134	110469
85	2186.62467920797	3389.45598428922	2031.82193732548	3323.12592520993	3094.81696696227	6679.34777803808	9645.10849647657	6358.25586033125	20750.1829567425	413662.9818959	52483.1743042702	9108.6905326737	44919.9495652333	14645.5459495258	25552.8131324877	197370.64520652	5607.09176688531	19522.6530738537	9845.76513204027	5045.82101823421	5653.20859320858	2035.78893175036	3138.80601178173	2824.56435798326	1325.83089599614	13591.4803326046	8438.28989718432	636.957157096219	209.040907302573	0	9.01952090457547	15405	112275
86	1945.49051911185	3039.09710053881	2002.72110638193	3300.44510505138	5939.13910439527	5822.24455065498	9557.78004338605	11954.7955424997	24911.0699022049	427749.485446231	41019.556253175	9493.28530991542	35838.3111950851	13857.1572138856	26471.6168403293	175755.28053666	7324.53905092824	21287.1370374014	8305.83098065547	8212.21407489136	6208.14456252016	2295.7307657143	2630.81997769546	2945.06296078572	1466.62984769431	13860.3387134418	10282.4124164554	832.390803248232	296.419275446775	0	10.7019911766151	15322	127150
87	1999.75808083272	2958.49147436335	1924.69499758169	3200.97366840793	3056.08125458278	5047.45495017182	8427.4103773258	5891.03064151172	23453.9693094907	384972.026666844	68564.586433763	8388.68674293193	32745.4283617055	12135.686367339	24251.816619288	164186.776433083	6285.38223692397	18225.3829656659	10062.6474246642	11093.3310091916	5986.59676100972	2594.63262221382	2414.27811313027	3942.24758859938	1410.79394110045	22976.4449466651	8196.37780351799	780.202303467336	269.762286176125	0	9.83590752898663	14918	105638
88	1812.83078587	3657.4936129613	1936.84650113305	3401.2102612033	4340.17166092109	5458.77498802683	8205.85517329301	9089.58190569731	21533.361163029	409312.644751691	60711.743573603	8294.30602758859	31949.9379402986	13414.3554109568	27295.6930849246	187562.794638077	5593.29493061603	19530.7395689419	11594.8710984264	8371.11548842256	5600.13067590175	2613.4118047868	2750.87848424071	2769.51856191899	1736.72474291405	32629.1494042589	10783.7209271041	914.685725488114	87.7524105568152	0	9.37511822710713	15409	133568
89	2396.20063771843	3298.29285228401	2053.13841950979	3179.10334020122	6884.60819673594	5923.10932534485	8665.63371344957	13697.7841975451	21727.9018860901	406035.735019	55358.549067236	9524.68676277251	20755.6787754185	18073.9557940667	27430.3312611217	191882.658849053	7640.03966178126	17962.9341956088	10463.0923495578	13134.0896247399	4931.35575927316	2146.7395498497	2939.78400362507	2858.45056459257	1527.61938031776	13380.52346552	7840.94962863154	1188.35920938771	363.026690535959	0	9.21454038882811	14965	108021
90	1885.07239913285	2825.75535525827	2056.76378584605	3326.38054701899	4274.05299255843	5978.63259572623	7406.84899913987	8961.64481543487	22917.8493629789	385054.280787402	45318.1494142476	8797.11649005243	50420.1309788858	16531.0312808165	23485.4271861308	173804.212332622	5068.24847043568	18619.1591888859	8808.66059716239	10394.9167190604	6617.74978815148	3355.1195489397	2673.76046359156	2233.36474264196	1393.56512350838	3837.0135554711	10009.0918456617	537.552381157322	257.018220347439	0	9.50751628573606	15356	131472
91	1741.16518186831	3032.28822734125	2093.25088125203	2962.75897213353	3112.22765783346	5862.17374753535	7364.58534132463	7788.42604134286	30647.3241414439	425489.511672286	65399.690549278	9725.20328413826	50594.7735209881	14432.486683686	23873.5137839467	176118.980537962	7816.87773898936	24303.5571272968	12027.8768098134	16415.9085328955	7342.16560912525	2216.44856171957	3010.23257193528	3277.22672073372	1480.69353856291	3649.81174483791	9366.26950178612	1008.31820459487	217.992521919135	0	10.1730371843885	15083	115890
92	1752.53350108402	2271.2329888168	1972.24471748116	2702.50344589363	3343.97577973816	6365.41549309123	9463.92527535294	6869.81836847713	32423.754947916	406470.735318619	67921.7313431754	7715.05016578466	31455.1116695948	17461.2142068652	23607.4749052465	158944.469943275	5649.47348106836	21351.6866166784	9867.03622452857	5921.5871204598	5405.87755195558	2670.12884006054	2651.17314744473	3063.52049645489	1645.36173071781	3803.99930726251	8071.12647660623	814.261909971269	236.693229338633	0	10.705363984944	15250	127785
93	1921.83331520347	3151.64794801551	2201.94893439507	2521.14319218768	4142.92167936086	5317.9311560436	8526.40469313291	8475.52456772303	24151.5153049338	398234.592331029	40064.9972904905	9309.89341591145	22802.7094360193	11783.8840976156	26772.7743367212	195112.987850628	6780.94449190877	20591.4769528519	13015.0553044555	18204.2411439699	7200.84968979365	2726.15972697166	2575.79664406118	2628.89193536732	1177.40795893887	12646.2404599926	7483.31886430813	866.311585071916	187.882396362256	0	8.96416132186655	15042	128756
94	1783.87648686112	3063.09226062979	2587.34754885806	3376.33593412795	5737.07366931112	5584.25155532068	6652.59598282283	11207.2829285623	25800.164190312	414430.418568255	38640.9175282434	8660.86810223443	33654.9401319945	14637.8759921285	29340.3507130737	206416.557617337	6985.10292519747	24006.9126241764	11115.694332077	11082.4448954149	6091.59483541083	1887.1964475827	2286.50870537303	3505.5261338283	1394.15108347879	13434.51716365	10241.0993996868	622.359735447967	183.299914455592	0	8.79363216401104	15228	119827
95	2145.63837735273	2891.45452247527	1977.54976287936	2752.98760565012	6160.01814660033	5356.16054105617	7440.92645861141	11965.7526002685	23481.0912440241	366248.416126337	62020.7782017418	7116.6716617442	12345.6828132625	15814.7632295011	23099.5838058687	192293.898871934	6528.99077914356	15202.1564450012	13255.3574617032	10223.0042695355	6323.37678163005	2013.83189780067	2266.9053245385	3640.19079122231	2013.53366901942	12594.0257182259	10112.0875859169	1005.01501068462	112.803826984448	0	8.1532851499908	15069	98871
96	1833.4955151493	3470.41683857906	1953.01904242418	3482.80451268129	4221.97373206126	5537.76976337059	7850.57338210932	9358.28112546823	23639.5258255199	402432.383694366	58521.701008977	7940.48476976146	46181.0559405498	15151.2498813112	30164.7532998985	221607.72713428	7153.04468768664	24238.3495099744	12608.013555718	13940.3283985516	7551.77212526268	2755.56335789301	2512.46282430201	2722.30678317154	1625.36356728543	4012.80461491926	8936.69340646169	1053.01509851804	218.896300502828	0	7.76845375114861	15048	107569
97	2119.61425350978	3529.26154061015	1843.38100817941	2642.09165286371	3369.45547833767	5516.99090714315	8886.47158953601	9045.56669279377	18256.0573854099	355111.279961673	63267.1267203845	9187.23271158821	38190.8349147013	15872.5940614721	23595.2696924741	164276.800909624	3968.71905368155	23675.9856012995	11663.4431239112	13329.7770664195	7865.41893056995	1941.32579528846	2972.28631836203	2594.40984391852	1686.1623523747	13251.9966102333	8917.08283259926	1046.95492249136	189.712311496552	0	9.10256558038722	15117	131698
98	1742.36842141686	2306.24118043266	1852.66370249841	3021.65932855035	3091.09758224742	6518.61553745315	9292.73575364351	8699.14068508394	24114.2486143212	358461.884906496	52065.3581762589	9377.85313413267	40224.4311610879	15233.52736533	27652.1517474633	192387.551231265	5359.92149079207	25760.6695616147	11785.8837888643	16091.1974401627	8531.50959053226	2335.39197176931	2167.19723750504	3990.44381050681	1335.780201398	12980.022805105	9117.13114436517	808.625198780275	227.842594795113	0	7.9810881195601	15298	124444
99	2027.23726875402	2828.08632293351	2151.81278729849	2301.62160987145	4010.87410392073	5670.47836380688	9690.87182260637	10070.5646461405	23303.5014414894	378194.286570095	40028.7358872414	9017.05585467607	23947.1801224723	12874.8746366453	23834.4996280758	179411.168336216	9215.33406771591	21215.9784625769	13758.8172296503	15347.6153358126	6351.57344459016	2759.41355305649	2413.12212854957	3292.80477252657	1701.90747803392	42116.035517762	11592.8025818379	940.975833924897	166.327518122884	0	9.27706541179814	15136	109862
100	1930.07533422715	2706.55906324194	2319.73016057791	2553.68926372223	3101.63364725332	5292.87370860271	10050.7171380204	6986.29181383306	23251.8092516734	404241.187460877	47241.879240536	9583.98989016849	12214.8109057382	12718.3883708993	30952.7075119036	206517.172686359	5727.56919969937	15668.3913842597	11543.5321718603	12989.3811561055	4579.73504444153	2823.26140532217	2609.02532263695	3133.69244185478	1445.15051052689	22882.7614672319	10215.5588975127	898.708724288153	313.005951256852	0	8.52514052080536	15160	109175

Average (AVG) ping-pong signature and standard deviation (DEV) per [nt] 5' overlap (last 3 columns refer to avg. ppZScore, avg. ppSequeces and avg. ppReads incl. standard deviation).
	1	2	3	4	5	6	7	8	9	10	11	12	13	14	15	16	17	18	19	20	21	22	23	24	25	26	27	28	29	30	ppZScore	ppSequences	ppReads
AVG	1975.2172075535	2937.12043794332	2080.14566391036	3018.64702073121	4306.03394041569	5585.76160484167	8077.48186478101	9256.26186369634	23698.968369241	388359.499252647	52587.9254903539	8803.81587228577	31811.049056841	14863.0758619289	24670.791005672	180430.040173616	6211.66364226151	21057.8625871808	11062.2019090071	11759.979729983	6353.90220893813	2625.06502156875	2676.78155002764	2985.00952203367	1509.65723054463	15427.5010233001	9088.7491211475	831.26545472767	227.982666224736	0	9.33086464709441	15156.09	118546.74
DEV	218.887905624811	362.617826626996	205.907057909583	447.611417577898	967.442582778061	489.520927307679	1342.06162899524	1908.09278106951	3902.19538581137	26680.2383922072	11315.0448944739	812.704828514632	12701.5456599069	1851.10737166845	3281.53765592702	18046.3506840771	938.429187754873	3643.52763481831	1675.28445502466	4523.51724113138	804.125727215624	442.238067281002	368.988960761641	521.278158734256	188.458004575622	11258.5025978481	1151.24154614785	178.209675641589	84.6567079133078	0	1.02366379821736	191.587217475488	8574.67322015247


# # # # # # # # # # # # # # # # # # # # # # # # # # # # # #

