Ping-pong signatures for 100 pseudo-replicate datasets (1000000 reads each) based on POR-73_preproc.map (4059217 reads)
	1	2	3	4	5	6	7	8	9	10	11	12	13	14	15	16	17	18	19	20	21	22	23	24	25	26	27	28	29	30	ppZScore	ppSequences	ppReads
1	6596.95704465174	5983.96134292307	7086.11499848704	4720.05861640568	29372.8878637888	29158.7826749005	23594.2823991294	21156.7466071823	68274.0560144557	1330158.3479775	57292.9002245834	15270.0778073828	15192.7911023491	121987.596077665	37167.7880673985	15458.9912095608	11196.9955708295	8748.81257892915	9059.66896554997	4847.45423895395	8079.03855463385	3348.47226162352	5227.23876583552	8843.07881808945	2194.01135704261	4109.04244052259	1941.29256598146	3711.82573698832	225.536919417625	0	45.906002292147	17643	153430
2	6642.64196439181	5930.53011637891	5653.6693193929	4986.71098946962	31128.7948550307	33468.0687674166	21704.642249248	23668.2011979354	65358.0153433241	1184044.06143811	58017.0449992812	18127.396826898	17123.823096046	103420.921670952	42249.0408540421	15308.3721496841	13112.9975356912	8110.89034595042	7525.8277993065	4787.7084635675	9315.46533279316	2960.71125955794	5708.80345973174	7471.50790772489	2289.42263966721	3838.71757952718	2067.31329316463	3632.7501894069	232.1727642133	0	45.9041445472695	17753	156770
3	7165.15080775793	6621.66938110847	6248.50453726275	3789.06414694707	23268.3337093141	33476.580255052	25908.8767352266	19842.9828579001	72003.9435922188	1212301.24416313	54797.2622808973	18940.3574470619	16518.8378591072	110939.694093338	25660.2848585332	15387.0484237617	12026.171914235	8194.04165343579	9054.51800253012	5562.80407315153	8213.29663044932	3684.21722817523	4579.88450624994	8958.43272024208	2382.54995102552	4740.75965165129	1594.94421706685	3937.32202760603	149.824500143516	0	44.8297718648824	17455	157159
4	7720.84625468859	6463.31958250328	5669.51816268899	3627.32030605358	34810.7116103129	41379.0862885943	26940.9700269201	22987.2848316472	56597.7744311622	1322461.78950314	65649.2479549079	27985.2333394446	16978.6728990736	116325.683855245	25739.9746768253	16216.9432416138	13927.5649082798	9258.85502714395	8057.71704621874	6711.1540562636	8565.3309116208	3121.55003929962	4846.10051463982	13132.7840799078	1709.48721372843	2701.8269105866	2217.46303803335	3599.57099390463	194.745886422588	0	47.8905104520339	17764	159607
5	7127.37154871736	5680.53222508629	5538.44373861081	5258.4887040725	32912.7330235366	35298.9942044762	20287.5632846968	24425.0650473257	65508.125263099	1326672.51182689	60758.7140969709	18384.8626887352	19778.6739714802	128609.272987626	35095.0664283652	16963.1734767408	12719.5354944845	9153.69049881287	8260.63446397204	4351.8084691284	8858.15814155785	3482.90185006667	4946.25936326331	8120.02224597258	1779.86362366387	7805.52810414971	1859.59889831116	3532.22767773984	206.818877570133	0	44.0123929734763	17512	156317
6	5744.84881074133	5954.28681672475	5905.10723894316	3645.48960862076	32659.5758069093	33848.8215161481	23711.0494715972	22032.141756943	67847.9004219548	1211807.94425707	60832.9699407236	24390.0294070157	17937.8475226254	107068.836205521	26895.3583492267	15945.9062851351	13611.1812413028	8086.4643009762	8695.28682301255	5135.49936541698	9552.52453382986	3258.45497048583	5946.68853087031	10996.5333836135	2052.34328912498	2623.60565066915	1328.22219495902	3801.62301828729	114.658052055869	0	45.7713420915338	17359	148513
7	5640.48252845466	6032.38457375277	6583.21456726378	4086.06112848628	35782.9665984082	33628.2013786418	24863.490620054	24169.6618066455	67495.8637336704	1227171.36123622	57622.2620159895	13609.279573047	15447.7662930005	109456.843125065	31424.1858916835	13745.4692339874	12572.9961133827	7274.91294548516	7711.60163899382	5782.04615668072	9401.79580361858	3813.44487237562	5507.86343302703	10346.3115808782	2596.85454149861	3083.34864407627	2087.7683126503	2371.53526486755	237.455683624793	0	45.5453534887224	17664	160699
8	7135.58205457691	6199.33334230459	5658.82802311074	4726.12108724797	29957.0903903143	33086.5338316906	20513.868812509	22531.1569398173	68233.6789162494	1276268.11421399	56684.8455709604	19857.6732067375	19684.5813387515	117793.24129349	30877.7573850256	14794.09343468	12718.0868895836	6444.46346583838	7462.88635541303	5050.13162663434	9216.01544509991	3540.59166744883	5746.80802840081	8708.97315497694	2392.49593046958	14521.4050153108	2310.05879901531	3367.82167720056	213.904724854309	0	45.359587429849	17402	154746
9	7002.94673269246	6314.97223548198	6780.3844292513	4245.44843185238	29243.7805062552	29447.8104779585	23729.8946301493	27678.6130091178	72586.2318906253	1318418.87020406	64201.7138857421	13945.919016329	16838.2986275189	120548.403349796	31371.8218662276	15107.8472804713	15276.442293005	7576.02406468876	6859.49607212657	3564.19479577311	10056.5088980712	3766.68280431609	4964.35861521789	7471.73124848314	2734.71859275172	8518.39026202247	1730.75123566729	3918.81332366714	92.3931112251639	0	44.6788600900217	17524	155575
10	6596.95436141748	6276.38602929653	5765.13164823677	4803.34987790967	35407.0483804091	32029.8343901039	26070.3240885924	20875.0718304108	69940.1455734927	1237979.98527733	61091.6968945418	16890.5735713517	16599.5498293263	115684.176490704	47368.3706954444	17387.4304585213	12624.1098848935	7482.06557344686	7789.80344555083	4816.09954284833	8123.06886076507	2598.0913027531	5320.01210688564	8173.87442335543	2317.97989263337	9381.41560042873	1998.90125203413	2921.62131104734	275.771648534317	0	43.1508496925804	17619	154735
11	7119.78671255295	6920.71310495288	5364.04682199135	4231.78493105604	34672.8612498284	30032.6859857484	21415.8049130659	22607.143919172	66356.9977922187	1315121.45609755	65299.6186407587	17561.4121102794	18668.2205878828	116678.028095381	24033.2616941837	16802.4982250779	14610.5310065774	8877.48985558311	7656.09707632157	5517.83757697637	8855.71090571515	4183.19678322419	5026.30702502869	7641.56211436452	1863.62191358275	3104.92429537828	1901.19507058323	3192.0591099934	188.745441088826	0	46.6120035725375	17586	149525
12	6475.03734038759	5686.66531510844	5934.26417750327	4394.45553470977	29757.3395863079	38056.5865169248	20672.5101523779	23587.9309871641	64170.4029596439	1259709.37079625	58417.2052720362	19028.1117697134	15942.7793980794	106120.006570285	28079.7020071171	14038.2155799746	13663.9029141381	8184.51217255268	7475.11429663061	4384.03945812017	8448.33867974475	3077.24814849912	5285.24162995593	7658.69804924706	2011.61017008857	2717.51470786468	1574.8448686791	3912.23512450228	228.662461348176	0	48.4502650663877	17740	154885
13	6139.93777505464	6239.31003455445	6909.98517178782	3401.74241263658	37288.1816040533	31566.7335442949	24995.1665776048	21745.1556036737	70585.9128787864	1315360.19277171	64535.3288279979	17041.4454578081	16758.588313493	125089.135939709	35712.4496780501	15653.3796601293	14670.6714873836	7659.96546652542	7412.09920522938	5004.73537847474	9846.9373761478	3901.56862433546	5185.97683278961	10206.6264300018	2259.14358232577	3354.97379915883	1806.24772707292	2794.40434087218	289.35100531389	0	43.4264968019718	17501	155436
14	9158.77805394504	6203.21040271764	6660.76896994093	5163.91176293177	36940.1977181433	34003.0031485248	23147.6830200304	24384.4167721339	59292.7694170408	1158705.64063771	54658.0219121159	19514.9269220008	20160.2290856088	101805.250836016	26569.4187441855	16099.3657794261	11971.7460522571	7289.63799107166	7634.72023289044	4664.6263881244	8917.2881167025	4113.16346868992	6199.28569676574	8169.23878724111	1812.34681169439	2846.3520089906	2280.07745380104	2705.20010666315	223.08875148531	0	47.4416584819514	17818	151559
15	7428.06438239698	7282.16060802763	5619.01101167717	4396.98683460931	32442.2173696978	30841.3267297635	21636.1095525895	24085.7416825536	62403.9694678308	1222709.65705258	64488.3416750153	16818.2565588743	21993.6384849723	112403.896716338	23814.2651758307	16652.1693071456	13350.7473842559	8025.75565930546	7470.48183451394	3734.29589287208	8659.2238010379	2821.59619814755	5686.64187458717	7900.08132597901	1669.35780645885	2862.65129353156	1849.4357506113	2188.18538918564	182.032125982975	0	45.0005574942002	17546	149092
16	6562.62486177302	6229.37703704271	6155.20815052158	5255.18085835349	32462.0692127226	31254.9517824702	24283.3440840125	22409.9858538948	56820.5613805786	1176069.15725504	56123.1048952162	17550.5722571016	18940.4754020321	100599.36052664	28352.1457029037	19339.4928912414	13500.7671361467	6784.77180547849	7009.338907736	4304.1923111889	9020.01251637343	3690.82156675677	4973.1704034232	8249.61113676466	2148.83731970905	7254.82925705245	1890.28832002703	3785.45723764999	257.19029975817	0	48.8021055511053	17459	152792
17	6482.97353877492	5360.13323943461	6613.75566010819	4007.19718542003	27659.7704900995	37537.7531773968	24037.246584537	26434.7618243659	59562.0510192554	1203472.30955947	58591.5033697892	18303.5326485219	14486.5629760159	106356.122447753	36616.1144260672	15664.8480664185	15551.9797785741	8225.92067782628	7803.26819706276	5095.26662551622	9294.37696834132	3490.29320965982	5003.25968993756	8074.89942805836	2034.27900725101	3898.49958447351	2096.37036036429	3945.52705334726	149.938003851816	0	46.7723657518039	17539	158268
18	6521.29246996172	7292.05725128046	5732.39815613368	4979.77440989537	31685.4449525818	35070.809831401	23780.8985786305	24743.870683333	60246.9723864796	1263368.97545653	57980.0346689623	16144.5977715426	14340.5096832729	111895.621801922	27029.4232996351	14232.3422736202	12739.9671077575	7724.27647384785	8274.38494560417	4390.40251235266	8099.47635438741	3249.7260357141	5209.26027322687	10448.0640434135	2249.49561676283	2317.06995451167	1796.61199351523	3434.23600790987	132.734110045302	0	47.4878464247013	17676	159954
19	6247.92758619306	5484.9512828465	6909.19743400349	4188.51454150233	35982.3363853495	33849.2111663575	23675.5379336458	21710.7938610494	68769.6264600852	1214999.69879073	54931.7006512673	17034.1540409897	18181.7772807412	119387.428098971	31328.1923383675	13740.5444748368	15418.9331409561	6350.66525519356	9853.77092391264	4539.6488010523	9632.96365771127	3298.04500684774	5316.25386941766	10104.7078707293	2040.27656643264	2232.79203629846	1529.22573831011	2874.75724210666	191.569650587508	0	42.6489557912655	17523	157940
20	7344.37711066571	6926.00995199823	5405.6447829011	4692.73191157	36570.4489592973	38482.5158962221	23764.4369251581	23211.5693738356	67967.2846798739	1231776.90211907	61797.485425345	15232.0645842189	14798.9563940936	108058.512316467	30800.614498431	17075.0839349935	13689.7090041068	6997.67424930468	7618.31311997343	3567.66246712994	9132.84278429193	4194.90270750727	5464.06986202363	8865.61535570603	2455.24677796365	2103.85437024799	1615.44766827212	3270.87149524562	315.611895181897	0	45.4981159302986	17506	151085
21	8222.37514393362	5434.57414123124	7234.00978212632	4876.63056357625	31589.9505446646	28334.0855344193	23901.6571451091	22664.3445695656	72141.8698484983	1235362.76699869	65067.6534393472	16702.3089473849	18916.9424288923	109707.9376886	37990.4013651429	14405.1697966751	11874.7665652851	6794.44221040924	6895.52031011275	5690.72353255403	8531.23813270648	3090.00827614529	5376.47703173069	9007.53856605516	2156.08490884516	4145.50182512673	1312.30605123361	2771.65972699078	313.797400163769	0	44.5252446391684	17563	143085
22	7160.16807856106	6788.49758759124	5898.90817045542	5507.63222698016	32938.7542973329	31202.6015066105	25257.234302689	21956.826336562	60543.7872421485	1190237.54758351	58435.2155597817	15601.4112050036	14907.0682378683	102269.724770752	29935.0581526022	15172.1594815047	12950.3159311156	6958.70165085535	7088.41100274202	4819.84213242544	9465.53653923956	3484.36653729152	4626.93187562268	7816.84313561545	2125.07060540158	8073.46562245771	1745.98531171404	3074.30976247	171.407811116745	0	47.6698173299455	17417	153591
23	6949.37505459136	6212.73724816101	5471.47918340505	4889.74051445266	33191.2114082453	36065.1194761051	24281.974962867	26500.7053580761	70994.1562535884	1227163.39191517	61782.1972215769	13985.8029611077	17177.8773520872	105181.874553221	38533.0986960976	14954.5032828798	12223.0308679925	8428.65778845821	8614.53889035942	4929.87187902591	8232.48107213954	3852.82673608448	5017.42267829771	11005.7164497001	2512.5690551011	8154.2372709279	1585.00654421763	3907.44079483638	177.2886229913	0	45.7387656145055	17600	156179
24	6185.24885252821	7177.52951706838	7029.87750597947	4623.68044215248	35627.6850496373	33528.9232798734	21261.7173323184	22780.9253990584	69844.1172049651	1215499.5647818	62097.4142915166	20869.5773675664	13635.413506367	106263.03562225	27757.7623186309	16990.2192132166	13067.6317810097	7180.51937606593	7921.79990359156	5001.33360449823	8967.94725972679	2583.63356782202	4847.55923025575	7219.03749054425	1693.93606137124	3703.38671997828	1721.22141929606	3505.81812289601	116.485475258227	0	45.5469910684321	17381	155085
25	7140.32146097619	6275.04384629939	6365.08714857326	3462.10895225214	36025.8880220865	34260.0152449759	22630.1249491456	24548.5637795934	58491.4140585767	1207031.41197589	56428.8416248612	19595.5058010664	19985.8142653498	106878.854607735	39007.7162238648	17195.5218828286	13754.6526198396	6552.64836220015	7210.40039930003	4984.30942924435	9160.52534759244	3933.72182008905	5554.91105362881	9765.07694305722	1598.79833990845	8832.45913790899	1770.83549388314	4455.09294225447	204.081745372937	0	47.0215148689057	17689	155549
26	6556.18221035768	6050.75323720312	6543.252834232	5815.37220236781	32106.2274374575	37782.1205199724	23517.9234712258	22306.2921332341	62093.399292768	1255758.39454478	57167.3753899722	20968.9995623078	26869.6391965629	126370.10296689	38108.0161557244	16945.819661866	13319.4796339004	8011.48010808026	7504.26317763722	4024.94179476485	8189.00556659439	3495.88371563209	5343.98783018252	8526.39553402583	2039.77399764271	8580.28837384211	1548.18702861079	3696.94713932811	212.874057118286	0	42.826422759256	17468	150691
27	5282.60220740392	6663.31197866025	5305.61037638121	4249.10741727231	33936.6079887044	29817.8892878667	22267.8716809839	21685.2161498947	68342.6530664069	1264111.97530244	55569.0680909494	22199.7866787819	15750.1773482769	121116.758497875	41583.3357477354	15022.7559055106	13440.181543154	7434.54408423496	8111.62499414913	3827.58296816984	7836.27462513564	2720.63545597009	4944.25975844842	9205.26334111297	1758.21686576705	2706.33648089359	1165.5293052609	3014.4229079406	171.762950949387	0	43.5839438964099	17667	156007
28	5920.27027997151	6567.48485311428	5920.13417123804	3975.09140288927	31095.202871969	33833.7424890215	22010.4173600915	19554.3709225388	66430.1950912919	1223279.00069885	64321.3801508261	19397.1282470804	15314.731840196	107600.668669241	18386.865263344	17385.5576907777	13582.2298319213	8779.87149320631	9823.82025090816	5584.69870244266	9175.70213183646	2764.03780350937	5206.44106555273	8450.24882953474	2006.61459424125	4169.32237747387	1631.91069498841	5004.57152283795	217.572782922186	0	45.8502697143201	17690	154229
29	7406.84989999855	5677.06513293077	5723.77303979505	3716.99278432828	33311.2353962341	36262.8050016081	25102.6275864077	21924.1531396423	59481.9037846637	1207517.42127864	57837.5886099156	21669.9724887997	13793.210951713	103884.53598246	28836.9451709151	15115.4874353118	13037.9714623607	8823.53327284928	9081.35583101156	3838.85912208877	9360.85049522789	3114.09693600171	5257.21115112628	9332.07164866399	1871.65052475893	3034.05418297873	1850.94920901864	4752.8687676053	248.441655328798	0	47.9460318802309	17650	154894
30	7000.94104379962	6749.50358595925	5464.94078477045	5477.09028580559	33392.0047239305	29215.6262028926	26948.9297271919	25513.748903682	66295.2432022184	1260067.99018791	54896.8984514888	15762.606090633	13752.2647662342	109251.024018454	25117.9472974907	15271.5865731107	13980.6445482222	6890.78851139138	7656.4905365477	4574.18660761614	8699.59858257765	3258.56428617364	5337.18958752274	10586.9856045523	2595.59452491146	12840.1130413782	1973.37402598445	2560.55207876942	136.758145221715	0	47.8065536874078	17672	154713
31	8206.5821131481	6069.89316553637	6229.68584571468	5095.90049542398	32567.0690246652	35506.3525663806	21425.629492401	22015.8822256254	70324.0181020416	1290169.1750711	58548.3840082988	19744.4564019708	14209.09197182	116166.735986554	34001.5255681777	17249.3171854347	13019.0717324659	5912.37735730358	6552.35394194838	5168.0248202941	8586.86063999535	3579.42793734814	4690.54711209945	7435.29101515608	1935.32384125582	8847.77125111646	1453.16835402373	5197.00596806431	228.786364221364	0	45.6465199259095	17294	146421
32	7205.77855382013	7159.65965035989	6184.5389231912	4097.66231834465	33317.0385745586	33916.5287397699	20761.8190412987	26289.8802320055	60471.2723238375	1198900.16046901	62887.3012415085	22358.6072547679	19119.3683927056	110134.201212233	43208.6593622915	15688.7112069466	13179.6376054859	7027.02834995306	7326.51317241913	4847.42003126308	8278.66842556693	3756.82799913227	5734.42355323681	10725.5158839079	2432.57267121401	4382.48266528333	1753.28112441999	3083.36686797406	242.267308617308	0	44.5972894623101	17335	147213
33	5869.92782144541	6190.6740360651	5352.84908633723	5179.99281553392	30724.4785529946	34297.108085577	24096.7517305085	27535.2292570994	73210.2931749368	1169107.83871725	64391.8450960184	15521.439870168	13657.117186286	100355.536658263	42799.4029826505	17486.5068099239	12725.1716394739	6172.34427155956	6889.18923566463	5106.14511032145	8938.79523493171	2578.26379142406	5696.25857852712	9865.0348600766	1933.03647359722	9014.02241313965	2052.99976706997	3197.14691484863	163.065956178471	0	43.7387804457998	17614	153576
34	6856.35583854807	5951.7288993123	5556.02252034691	4285.35990997087	37149.0677529813	35498.5254589585	20400.3823537161	25733.0464369097	61786.2849226822	1310409.08413898	60332.7306296753	15463.3661053538	19412.9604557392	132409.495779163	31122.9904741714	15782.0551702771	14550.9846497618	8566.88049727568	9286.8655361652	4088.76663019846	8031.802157607	2609.89962644208	6329.88765535619	8170.85926959137	2327.8163220215	7486.74684127403	2151.06475329515	2712.67729502897	259.442159980748	0	42.7230109455046	17624	157754
35	5981.71788817713	5991.37744758844	6263.511339397	3944.31184664444	38612.6074259314	30171.6459817021	23395.7373452466	18810.6370237542	77497.8494085147	1181880.48523824	59978.4856507487	15235.4187220977	15279.7239415497	107570.780165758	31675.533874231	16188.1824934179	12994.7444425662	8143.59392174612	7509.04602219332	4594.48262330126	8048.28633973713	3683.06865535678	5591.80217528229	8271.74840468415	2112.93259928198	8172.19416430843	2062.45154983072	3295.09859144039	81.0681038428443	0	42.5614068756774	17337	152682
36	6157.91208963499	5895.68987074844	6383.66696710652	3659.79258905511	35283.5201859524	32540.970269221	20302.5864332381	29070.8604194746	64981.2622490416	1167756.98657573	59347.3386681414	15479.4324639366	16033.5922225069	100174.307168756	44119.1995366738	13838.183319128	13789.1566046259	8361.54168961575	8013.95749864231	4799.08352772638	10455.1733559314	4289.53556240284	6196.86699754803	7923.15901870346	2595.53481643793	8749.75315868787	1787.88859377563	3436.95415458667	330.591414818039	0	45.6272808191357	17894	160536
37	6527.13661794145	7050.37534168341	6335.104706497	3687.04967496561	34860.6192668612	39500.4144285935	24190.9344677923	20285.2951545469	71035.4886775117	1240905.70340309	54284.536468715	22618.854442822	13081.8829099219	113806.597257347	32593.0229522212	14247.1111102223	13821.9285187197	9058.74476689319	8112.87626600673	4517.11635571186	9168.48644776278	3253.73013831705	5043.1863820631	8879.95364153127	2269.54338640176	8263.24712663243	1850.91728771828	3953.25229767252	242.289820227024	0	44.6932234095954	17564	153465
38	7325.62674630048	5915.82210006845	6089.39083554504	5311.63869976496	35736.6120207797	32517.0813345123	25835.6251765315	24624.3668284887	66668.1752224213	1218255.06143867	56057.6155996704	16211.0887894408	14313.2702447157	110213.728269066	35725.6722537277	17287.0448724084	13188.94730003	8550.89789617756	9007.61141462257	4948.47917676439	9453.57400302934	3757.66902753896	5260.13596390301	7265.43660009511	2018.80544853343	2830.15476843625	1845.52426567279	2309.19397750471	297.210839127094	0	45.6325239289972	17435	153915
39	7385.53296974167	6460.14449044679	6308.85302448871	4746.3635278886	37734.8508899364	38535.3663141626	20416.4490855633	21807.4628015562	69675.8361919602	1263747.52973019	61581.7685140719	23715.640367707	12910.6571454797	103912.071376343	41890.3293757882	18776.5924970483	12432.06686788	8235.07085187563	7084.39281212618	4964.3563322699	9491.19251449723	3993.68384239197	5193.60402179009	9021.00368220579	1669.88780159958	2898.67209481589	1441.46574874682	2616.92900681492	131.249007936508	0	47.4262718365118	17507	154243
40	6322.49138703695	6265.78769538352	5349.90095124803	6096.27595020387	37194.4260305439	28528.6999666982	23566.8037821896	21294.2624044356	62697.4355328216	1245933.09232139	62282.7104997667	15214.5992810338	13009.767808276	123540.314390815	31331.2155373052	16551.2371142177	14324.5370335818	7698.96119283158	8529.01409040321	4383.1530507715	9036.06545074271	3983.20165190489	5077.33753714351	7842.52252820081	2482.84395347073	2436.13595614684	1972.81871651377	2833.10569545203	402.48731069856	0	42.5977636540305	17531	155831
41	7177.18678551252	5653.90465977919	6293.47954091151	4359.87375436277	37521.5618875463	37212.5585934565	22147.7774328089	27153.4849757341	65396.2616178718	1182738.07322506	66634.7689043104	21127.8892873518	20853.4402626091	98151.1434284735	43778.0675498049	19234.0491484042	12933.4145337429	7770.86039629959	7760.42405491495	4560.06177597626	8962.94261414468	3239.18691582636	5340.84070136374	10368.7686402942	2649.46491290152	8191.71880779077	1556.82366032122	3269.50502379416	321.816329036963	0	45.9992826606055	17497	152883
42	6236.97108408796	5995.47731668411	6508.46940613131	4393.43337411743	36092.9568203023	29843.7649483289	20006.7498484636	23708.6158549279	66219.7639296542	1098389.03680631	60385.334289765	18439.6067270244	16447.8882479325	86877.8633170273	34529.5012123323	16178.2199925412	12202.9566887846	6870.40396998533	9337.68486882228	4182.57739540516	10279.6554746038	3327.90102458438	6059.18020933529	8809.91043345697	1893.76820622638	2726.54605274389	1772.9019780622	3649.12255576895	145.63977989353	0	47.0882848464536	17439	152662
43	7378.55737948294	5836.3977667262	6077.1445300434	3813.40500407274	31445.0168956053	33964.9883354932	27217.4956978212	27353.4742916384	63512.7031898635	1228354.53450489	63958.0440328386	19282.9990413154	15344.5335298761	113826.258444896	27999.1531361349	17344.5087627329	13750.8600513159	7730.34305667814	8045.31395716829	4629.72944880423	9296.98512669743	3133.27277331747	4657.42722619997	8152.64862077027	2420.07214986205	7916.05934193175	1893.56932336247	3491.79837510293	201.883903326914	0	44.6054604972258	17466	155532
44	6623.23474587901	5689.12637494562	6331.52103925543	3842.79755539216	33289.8464546466	32786.6620094627	23739.0795734179	22837.0643370483	60540.7031577967	1244327.7036561	64881.1834099987	13103.4510164761	16775.1929612177	110084.01379455	34964.1709071228	20980.7990705482	13143.8337786382	7073.29200717238	8054.25679797203	4916.09681171036	8575.88815904679	3698.83912708811	4252.51652420664	8189.92966438926	1790.97864863983	2843.14447429618	1726.47797670334	4276.02618586323	251.9953116051	0	46.2293353203415	17486	156044
45	7423.06608988759	6844.44523325026	6625.27832283951	4639.06683047771	32331.1026902404	33938.5474318846	22780.3179055308	17535.8597145121	70037.8762751364	1160713.04979705	61719.5464314973	16761.6364733973	22542.7367443249	101768.797206652	39879.1399696292	14265.8164195167	14000.0718400343	8823.07796023301	8491.68607763696	5118.75093908624	7879.0742382812	2999.48503471907	5497.37594321341	7183.4673011255	2130.67481752404	9360.02571450856	1976.66057352759	3009.69775306314	204.139626542248	0	44.6050888382855	17398	156773
46	7181.83815401046	6661.70697274114	6273.93464351178	3096.26337442256	34106.0753411117	29281.4936291252	24815.5940853697	23337.2752503094	67156.6196617616	1269539.03143562	59441.5313351501	15595.9914790684	17779.8703732959	116585.732591417	31557.0339686298	17082.1372461666	13604.7970400432	7882.37077543139	8238.40387653385	4455.45283123456	9561.17849789577	3876.15940320714	5607.21233414684	8376.19403971729	2366.77669111519	1889.14892603308	1778.75624717156	2087.53645412916	234.325937748552	0	45.3398173745232	17579	149537
47	7580.23941926702	6172.70090853655	5947.39178740608	4433.63498002161	34032.2128930426	35422.4536599418	23709.7328231051	23575.1831998246	65532.3526181005	1326294.40848943	63521.4242775569	22247.8468286888	14263.6596017021	111731.264592879	34261.5186276318	17894.8649180345	14323.9245122368	7428.24833066534	7868.9908489498	5114.95583237344	9177.3638963286	4142.30027369773	5669.8948655871	8330.83789508287	2341.93881222725	3266.88655509007	1942.47442675381	2735.41411660899	125.372600045766	0	48.5617324807583	17650	155641
48	5973.35519515962	5460.4552960615	6828.97866232911	3621.06424111565	31987.2121828635	26529.8880507108	25080.8885168972	23020.1223329259	70629.3371617293	1304767.572857	62377.8317963459	16456.7095839751	17539.4981385729	115562.402306708	46885.0184384499	16044.6493247384	12928.1993694735	7785.65138251969	9525.39464065916	4656.72722105056	7766.56160314003	4319.90218745006	5649.80261217211	9815.15681380016	2491.64067650972	7399.8797437376	1529.33200964886	3666.07582751532	209.228085479116	0	45.4996406647116	17661	156066
49	6331.74291692243	6462.60587729413	6653.46909127099	4535.68184469042	34500.7351266512	30733.7865315046	26167.7816541261	22813.763307023	77554.0111485843	1271422.88370315	59499.0649823331	13705.093540229	15664.2529966503	109953.482817157	37030.3320511617	14305.9819690143	15127.1089766368	5329.66101524349	7898.12995339585	5545.2477863123	10375.3255724887	3757.33669995877	5171.49073014862	8365.68745638344	2090.73923608472	9451.49682312721	1325.70917636622	3366.78011131783	218.244053997947	0	45.3179417424155	17874	161687
50	6090.13559869811	6806.41466437545	6229.3048165567	4028.75356206568	35534.2082914831	32851.9774739874	26783.1299692717	27982.9072742694	59706.1080538951	1221083.01028862	66444.0620766745	20756.1188253036	18482.4713112245	102199.014404185	37637.6100421846	20118.1208473966	14007.1739015255	6487.76456264675	8247.79107435056	3971.67209687677	10162.0593220763	3291.08670458449	5029.32602911307	9641.45447730918	2093.74034050617	3758.50634104516	1422.58362208802	2029.72019871316	160.121599135946	0	47.6667294489456	17417	148081
51	7955.83333066246	5715.12609167966	5958.60263393335	4060.68932228389	31806.6595762619	34988.0387300369	29198.3137774977	22067.7734311791	67523.2157916264	1285653.30190346	61974.3286885817	21423.3378960738	16639.054972389	121152.618846735	45758.8774594467	16269.0002776266	11898.3485576353	8393.07597746875	8246.8172667734	5683.44683654542	7842.4792428408	3971.82744550016	5398.90399832429	9727.35282064543	2260.75932360574	3258.95930963716	1494.26680703676	4336.29936828277	137.352258297258	0	43.8912029523587	17385	153392
52	7161.01890984705	5755.65064934133	6705.21891997711	3862.98916648639	28470.5420045251	33171.047864662	20461.1848011021	24741.5167491816	69417.9437875076	1233968.28621749	58538.8244307301	16984.5638809301	18851.0072191843	112737.782918334	26401.9678316036	17000.5174910015	13809.4007570134	8175.16833681419	8585.18836216842	3648.80839920254	9466.57323499353	3916.24735669887	6422.95985577183	10474.1447219509	2378.54865557754	14190.1694357561	1721.12755918275	3118.00453546991	236.303018556987	0	45.0663908892546	17456	150862
53	6180.11118623224	6568.18779778304	5246.48942286614	4009.91656328145	35694.3881316649	30222.5980826354	22866.4143557298	24846.578953163	68056.9886122434	1247566.58645232	56239.769551811	15165.1404337368	18218.8214012782	111574.452352289	26655.5264466487	16838.7412985839	13451.499108416	7687.16228498891	8137.33489694579	4917.74558719063	8513.31880452858	2342.60806070657	5444.94068199224	9810.38757420731	2225.10992805128	7912.57177009608	1827.4842362096	2833.92309562537	190.323667079566	0	46.1490827264567	17498	155328
54	5900.30857533885	7142.77459208803	6416.38674033873	4080.765487381	32827.4582736454	35255.7617027008	26763.5238863408	26222.8941424574	69100.4575390696	1215820.05624256	62289.7465114918	13569.3179913761	18093.8966158172	114844.010564987	31668.8869985057	15540.8576961502	14412.8534822163	7859.10411483292	6252.51408680638	4389.35900672548	8477.31316026881	2793.89218332679	6063.72986896877	6881.58587766392	1892.05383750282	8663.77571042452	1819.63213345197	3307.27097000598	269.871441359404	0	43.0545068509129	17606	153275
55	7206.15932410397	5965.74362081583	6152.83933780366	3916.11773076909	29483.177423965	31160.6715229012	25235.2062500032	25554.1514492265	71181.5119495828	1183727.09229821	61970.6080136988	16967.4980648517	13571.3166507997	105818.996649467	38561.5899174631	18544.7689041384	12763.4574498613	7148.65012615097	7099.43578979459	5009.36735978462	9123.89485804302	4569.20876322258	5078.05597153929	10520.0108245398	2441.78445288796	9709.45393188011	1805.7150761729	2900.67508785976	216.820652451558	0	43.991676836051	17462	156867
56	7990.85978710827	6019.44730587548	6606.49708237701	4995.06296052785	36317.2501757742	31342.8295768855	21624.1391693333	23594.1177840686	68966.9182693372	1290716.48202903	59399.4406946399	19098.1189644443	15878.8166391362	113491.826422006	35540.7978399603	15805.9923405934	15068.003173282	8443.38285837529	7410.99340281978	4789.28417162285	8513.11570832298	4110.58035775405	5151.18140418496	8874.69636686446	2053.76172161965	15610.8528208553	1463.95917398689	4368.92562033938	177.976641053195	0	46.773030541235	17637	156747
57	6434.89329530485	6183.12500773645	5906.29053941609	4369.98161140509	34799.8444893305	32110.4389492215	22031.3877849475	21649.0719388592	64538.7168438422	1245536.84665416	53570.8145109355	19364.6236432862	16000.9401744698	108356.756069333	37048.8624989713	15124.4925987087	15626.0561511879	7761.82781173271	8704.37617144696	4551.50366392142	9633.21618099794	3547.43847398523	6247.36176950553	10490.8749142025	2238.12980171786	8254.38185320643	1632.67978059239	3298.07690321461	151.447444208521	0	47.7516897349343	17824	156915
58	6125.47006609784	4860.62643432862	5995.2118015874	4802.26943459743	30820.1716388595	35884.542904281	23206.9821012337	24845.8200800793	66995.4090246219	1307627.9107723	65821.7278401532	24650.450824509	21677.6282297291	110335.168676543	29792.9562323343	18383.2506763123	13243.4657893676	6858.88088140144	7985.22391720438	3834.0614008577	9618.67542198815	3262.91273462178	5052.80994185174	11228.5645085783	2132.96212439839	8191.33555799378	2184.11171370811	2582.73581261296	165.445189827301	0	47.8263943468755	17792	158137
59	6132.72903227652	6092.6370466738	5739.1384429204	6585.31514829544	35809.7252790112	28734.0096739249	26016.0917199513	24408.6411241744	63899.7836122097	1134884.24244514	61122.5164065906	15324.5556373903	13913.0112473043	97895.2256611103	28102.8047034118	17555.8379834107	14249.3661190453	7304.11327743049	7268.40793637876	4767.40838692103	9544.72170661573	3083.7241708923	4638.62452574623	8150.32984506921	2106.17275571419	13735.8016357474	1958.71558696612	4312.94095819018	222.551494795842	0	45.8852748887592	17415	154879
60	6764.14631526323	5367.98380547376	6519.99483545463	4396.35903789402	34285.0785377712	31506.6212678554	19913.7934318482	20427.8123709609	67396.9035974907	1244507.29201189	60756.8144403783	22708.0134967671	16566.9982214578	112545.281018111	42252.0125523329	14659.9145125685	14325.3097026102	8949.67697896097	7719.89653184328	3924.79149477266	9133.10900207424	2875.33277691775	5784.95272183267	8794.69781311458	2014.08170842656	2744.18371305768	1449.25665108332	4817.90310120156	312.002931032792	0	44.9410364338791	17619	155967
61	6747.97761416925	6728.94903594836	6605.43375323344	4158.16807349608	34222.8996525075	32813.8525803529	23044.8428711562	20925.906389869	72333.2121193813	1198375.67401087	62124.991689788	18383.0687192317	13693.605622885	99688.5066549348	38700.4375100591	15230.9616091144	13926.654162038	8362.36172895256	7623.60795883527	6063.32021232699	8353.66872197855	3751.56151021767	4803.70420919581	9403.10210033166	2381.19061978102	13218.1170052938	1709.94743081788	3937.70418921328	251.481926079178	0	46.0758038001558	17579	155193
62	7720.07560561537	6530.73255576072	7131.97427575823	4757.03913218616	31071.8090310116	29632.240414594	23133.0867275709	22444.5033192024	64036.3587195299	1202745.50833386	62368.9342760391	14858.3365251181	20735.5724530811	103309.341645601	34079.8147654459	17781.1300653093	14948.6057892485	8284.34802592491	8760.43917690158	4520.90755170915	9126.35937217223	3778.02454814038	5749.94592368235	7581.07430845862	2127.40273423629	3131.62277298636	1487.14651014755	4784.1934344413	294.788362767888	0	47.231071140054	17600	159137
63	6582.36124826176	6204.20285228604	5286.35384779183	3743.17715451968	32667.5767458718	37126.6995498855	26912.3102738412	22112.9602705199	63493.0044348106	1236415.57913675	61645.9218591592	20793.4823077635	13512.2578006957	103719.60549975	36994.7183262947	17024.7238992362	13231.300315355	8011.11053777989	8664.80320940633	4737.15662677877	9410.65196736625	3833.13380814122	6416.40813932535	8458.72399447357	2203.7981155083	3550.35035752718	2019.4725177079	6100.6068391434	234.97666151309	0	47.7356406424821	17479	159645
64	7454.47429600427	6348.02451259538	5850.80618822503	4015.17510929356	36513.0196710135	31981.6297145571	22867.8402988066	24965.1970037207	66572.3714828317	1209234.5345537	53197.4216378639	17079.6780173005	15543.1235208471	102581.722356857	29775.2113555484	14355.5004898546	14019.8034890364	6518.17702991237	8514.53076431966	4010.31616592219	9223.77380555579	3244.92466906841	5707.23854640883	9685.90324935579	1737.49310589377	8579.46947128368	1906.64247580238	2986.8415108553	349.548792698898	0	47.8239907315154	17258	149475
65	5854.01988192774	6909.74169923686	6321.03076283643	4320.7401931462	35379.6341236148	33523.0420542683	24755.2754393169	21977.0277619245	63949.9264242934	1255776.76179298	53406.989762266	16646.8751535406	19557.6391893598	112804.19039427	45813.4015936747	15314.3117792509	13501.6968695906	7105.59628300652	7923.74015218322	3932.26175597428	8701.15213495645	2723.65663428488	4677.43598332248	9324.91915210954	1547.95327846844	2852.86410120861	1273.82089622304	2746.45922693547	195.709123173702	0	46.1641651788464	17687	157395
66	6852.40621507007	6038.77259702653	6330.49213696132	4748.0970965121	29476.0371531851	32125.4029390778	22385.4122462093	24147.9305382782	59372.6408269383	1208647.657025	58549.3693644785	16236.2021109617	17113.7249020862	102839.130938432	37319.5854283212	13865.9404570511	12720.8307680043	8566.76184030478	7629.2160047996	4846.58768955662	8799.86663949133	2890.76515989204	5177.6808732974	8327.26778257746	2386.31031577051	3750.55110635502	1941.79053178597	3198.79389615776	167.820779551137	0	48.257305041471	17335	148640
67	6176.01670561568	5490.01577789012	5796.75535646321	4803.64660476989	31482.6337527731	28066.1098382205	24705.4214607842	24861.4849442095	61000.3076451909	1265757.36544814	59624.6507092521	20065.2663461416	14248.8908175941	118370.829679106	29080.561623683	15651.4950237429	12331.5767343508	6986.1496261619	7286.93456740022	4971.55009859049	8485.08419020032	3881.54826739506	5550.84484582292	9116.42115073527	1904.6852381458	2764.84751908168	1929.85147151967	3757.86061475289	299.093575102272	0	45.3452429542034	17538	157245
68	6679.36541605379	6303.20224394275	5285.69557730969	5109.11817636323	38020.4467080295	35950.8926826594	27122.521313977	26008.1004199216	56157.8161476094	1220274.67726924	53095.8947769847	16229.5323801265	12871.2870517599	106538.573622105	33458.922850935	16113.6019765743	13011.1583332998	7977.05183940272	7871.62418734155	5678.21910871187	8871.03634795278	3487.84432393639	5268.38167842494	7240.83256821793	2593.43872189976	10590.2742883723	2060.97296328782	2870.17493978145	220.697712585034	0	48.2672919485983	17903	161271
69	7539.9699182737	6531.52322746683	6982.72755228301	5137.83845314478	29714.5072015784	28293.3132200296	27332.0849693929	23896.601937248	76624.714569023	1161207.65356952	55111.0107961559	15893.6591899408	18919.678866517	92599.5297672756	32236.0741932915	16158.8180241957	13595.2073707986	9083.80038757313	8195.75911304811	5205.2008382278	9005.49435165386	3298.95749528301	4967.47968103477	9914.13786542132	1609.47658533371	3195.5773664395	1392.4578201298	4257.2301028277	228.789305249805	0	47.5301515302036	17487	149757
70	5607.12074861123	6326.66779174011	6444.2921707889	3745.39965391533	34476.1609130143	29281.8160572084	24184.7741283587	20120.9352397367	66998.3823380673	1278158.64233018	59610.334447253	20488.240746721	14998.8661975468	113798.681411431	24119.5432869734	18262.3650447334	13074.1421130182	8939.44217553099	7810.16181061535	4258.99176998479	8162.03532425519	2750.12028553693	5389.02156961932	8424.0558303216	1732.0595714235	3873.77504147216	1568.7757298728	3658.46586336817	156.703879289486	0	46.5014255390182	17588	154238
71	8135.42825325107	6541.41814820154	7425.6685801974	5965.21253103103	39453.3017169265	33557.3624853859	22454.6324768371	23002.6073088762	78625.3700880356	1212074.70402719	54745.6320057367	19980.4067748873	15891.2132443653	115276.726609301	31613.6057376192	14138.9051746153	12829.5722521266	8437.88525326453	10396.9067585878	5837.63627397269	8893.22671779995	3601.19632699358	5630.3906952489	7922.61332351916	1830.22433164898	3071.44072329849	1896.89104188624	4365.90057874247	180.319979865597	0	42.6163436010883	17608	154419
72	7898.44145163233	6874.98074877348	6968.58324672827	4645.31125876119	32341.7271720244	28348.6866974243	27259.9625316393	29449.6918946857	66604.0223269091	1261787.56876517	60129.7940471012	20654.6506519261	21475.4576970996	116436.452510569	25510.2212685187	16931.4567594181	13551.4322131737	9226.68328009262	7452.38375512398	4045.05406621724	8981.42531257937	3643.40858007477	5617.93403651924	8194.51303468823	1654.67561402421	8204.18418850345	1442.70266530538	3038.99474160497	334.853746938094	0	45.5847943234385	17639	147915
73	6047.59102817145	6338.28701188949	6004.77399542595	4251.37820049647	31104.059160901	33443.0194956832	21295.9734659457	20141.8574938348	62284.6493014161	1202297.58591811	58797.4777641967	15155.4173724248	15466.5871207163	98766.6163427106	33645.6575294055	13639.1424487052	13933.1607138051	7433.31128537051	7055.59094989456	4173.72778779095	9362.26867616849	3467.78661156961	5252.84447856981	8994.3665454224	2333.41090873662	2692.85614170479	1908.55291784981	4850.68269537808	211.506582165371	0	48.5607704107175	17326	153495
74	6199.91154252016	6767.12682318468	5780.06559341015	4490.03942563242	26373.3457730211	28400.7708843053	22347.3948984084	21487.6817938991	70501.0800047947	1171239.89276537	57743.0004568406	15407.8883179926	21342.3018491411	102525.724977468	25562.8134247659	14658.3506054627	13936.2204507716	8904.15000761608	8193.25769940572	4318.66107315857	8419.11786589625	3221.02410152241	4562.86318908965	10864.3129785392	1851.67511342868	2471.90173704419	1552.75049840758	3332.36854059088	95.6397406708992	0	45.7066130334556	17428	150978
75	6515.08294282094	5987.91336323715	6277.42644214655	4631.4020174875	34005.3828513276	34822.4683870977	22479.2821541912	22989.1103721469	69810.8686922659	1196752.87480503	59044.2481942669	13611.1855376243	13192.2655759284	108795.028736473	27236.6825874614	15961.9209589395	13655.5013083033	7500.15343383251	7069.40561650995	4844.04839551858	9041.24323960374	3933.27474944454	5139.54825593948	8994.80232813094	2084.57890448643	8316.0553274837	1442.01166455525	4048.74406636413	223.208526644012	0	44.1766318547405	17754	154139
76	7397.26889107241	5618.66432172592	5696.06313478334	4836.10180773251	36008.5329934705	33723.9838091901	23749.9042533336	25661.8395186235	71561.5139915325	1191773.40671532	57727.2126454733	17599.6794437107	15029.7061108709	108733.52888865	40132.0569599692	16393.8537137829	13952.8054825396	9212.07878858642	9213.29165897208	4432.55896409851	9182.73460378823	2964.42920016319	5762.70659904748	8613.75274514546	2355.582641607	2749.71648114317	2198.61958884325	3448.67257973415	216.721221491351	0	43.9341007998077	17405	153457
77	7197.52406521813	6848.42009655821	5280.90053106986	4445.49791297169	31808.3187561943	31370.9278427278	24694.6660332133	23061.2369487935	57031.5276317384	1204429.7443567	62627.3752382982	16806.9721868124	14955.7446368471	110982.353825201	30700.491004278	17361.178681812	16108.3840142048	7796.62349182297	9163.90952327932	5619.90678656569	10162.4046327529	2998.70866904529	4479.812932332	6850.99821785945	1870.6023992667	1904.87421959017	1412.7900025977	4011.80921050499	115.395017953706	0	45.7101897671692	17449	152807
78	7280.90692607237	6190.44551167509	6181.84750258563	4562.21777882741	35000.1499065852	32915.8593143264	25126.59557603	19839.475288654	61986.0498044536	1179935.57660111	53404.4368203749	15657.777744077	18850.1945627623	101488.985198228	29337.3397518279	17299.7044690882	14416.1058996872	8395.00217413532	8319.83556987097	5637.24443177596	8423.34913144964	4078.84605505876	5748.89596458398	11334.4027646174	2180.72284987272	1996.02057271037	1816.30009924694	3024.2141439634	379.815155532298	0	48.2309773883904	17562	152526
79	7643.6212630779	7052.24234604558	6233.45775224051	4472.70271437672	33421.962490091	31200.5589054064	26215.0954569021	23800.7605928064	61316.3951670221	1215830.10117762	59679.108972229	15066.1999273947	16603.9964292884	111308.010395009	31591.2306398529	18045.3643906317	13452.138813499	8267.3171566686	7808.20852229732	5231.65350591624	8682.02232401009	3967.35243924103	5245.30833766331	9783.35698128171	2448.44761844505	7716.8636069885	1931.34078260484	3812.10251318681	223.382903336696	0	45.7971862860534	17750	153093
80	7279.44307749876	5575.24235880215	6253.90710072866	3874.43327502655	30460.3251317337	42183.4451574547	22844.1134142324	26202.850723887	67114.8524582354	1269797.54783772	61568.1821377719	16327.9640047261	15186.5758919287	109981.375744706	39323.6316336713	16308.0984945379	13114.6671620757	7633.98372801501	8303.53825224964	5129.76041932058	8642.16788857458	3214.29807189959	5249.59297612107	7765.048632139	1756.61337575618	8965.89841267396	1903.10761344063	1944.6424385147	202.143888476785	0	46.34064961664	17778	158730
81	7984.08665400727	6541.25292245502	5142.5177311441	4188.86970767261	39130.1608708748	34518.9946487533	25754.8894722237	25414.495932875	73694.121199809	1248837.7827997	58902.530899841	20479.8372350454	15925.211872624	105365.801995041	29904.7462595163	13476.2213575566	12395.9886401635	6859.37032695664	7204.03317962813	4316.64012965676	8948.14123104115	4273.51871591744	5528.77628804571	8340.66351536369	2145.3213266977	8952.02111299918	2117.27538423633	3550.68026556298	222.89071147821	0	46.3978122524401	17828	157234
82	6962.7547245276	5599.84506389923	6286.77568108962	3693.81137384699	26483.2319805218	29689.6301106545	24033.7891867065	19236.3630258093	61812.8613296503	1293026.26663547	62904.5303189516	20612.4941303146	14297.0828892166	127338.657638129	30858.2848857421	17064.3147098809	13116.9632860031	7854.04434512993	7637.51120049299	4350.5915886218	8902.8688782428	3326.78820157448	5289.06405423719	10506.3865791686	2274.09631369026	13192.1263658652	1718.72340615041	2570.70234692717	395.406767376358	0	43.3831112512357	17248	147364
83	7359.55314079408	5542.76834522109	5484.38836356781	4909.49458131462	30732.7588969392	39307.1778823296	22697.7222980406	19092.0851801058	68373.7659969562	1268857.50207728	69444.4423638836	18964.4096148712	16428.6506163479	114796.753207389	25053.4497229511	17396.5958691294	13248.4266023842	8267.85795906657	8075.84648240434	4411.835088015	9195.09211090022	3466.49431918797	4697.72698324862	7849.00475725247	1885.04741027986	8871.32240130803	1757.38555322542	2362.38879096801	167.570397715236	0	44.3173195786925	17570	157626
84	7441.28740526784	6705.50315994327	6183.18787087157	4546.92655813983	29910.6135967099	35083.949853872	29240.944043296	22721.1726213817	65703.3284350958	1256632.53498621	63241.0931643652	16700.5072443927	17123.8953617527	112814.410840073	26950.2302682344	17953.7583566435	14043.7479408094	8089.71008918576	8784.85412989047	4545.18385167568	9645.57502805886	3257.53874274114	4949.6548810847	7709.8638554032	1830.85119730758	9034.5351711648	1595.43570524334	3916.27449635749	112.732976688962	0	45.9239733605745	17362	151582
85	5917.16948812784	5157.29532182122	6952.95677042749	5276.48095406217	36941.0610027036	29627.5703645302	20676.432806368	32621.529156405	79179.0806991817	1324655.64368469	53306.6587533605	15142.6502205969	18644.9042897703	115630.86561356	36214.5321264935	15640.8825703707	15489.0292454771	7897.62856081727	7429.95059630049	4643.56349222687	10029.9133956563	3175.58007093757	5957.66627670921	8247.94782942271	1994.48083781248	3959.91248404879	1905.77748586974	2506.67357465406	277.29491831867	0	46.1123189927257	17374	146366
86	7540.81084181112	6164.00975913749	5598.80404333248	4238.28051177581	37207.4295801345	32110.4848992032	24637.3858434525	21683.8292983221	72598.1973828187	1221337.86621069	64731.8114711677	22132.2346515728	16473.0378592199	100375.197199408	29213.8295617512	17909.9659265739	14437.6402056249	8836.18288221414	9464.34508077653	4477.55760704234	9089.37047667184	2586.69430603692	5292.87814114601	10658.3386901787	2432.07299321984	2414.69619024546	1763.36113573553	3101.10405380206	222.256010082258	0	46.8629662477293	17538	152488
87	6630.26825536183	6259.21162025012	6917.36826422492	4329.77971913094	32512.8225793881	27909.5451363055	27041.7147437545	25871.194803634	60157.3142174531	1209827.27821758	58350.3231282258	15936.9284147354	16866.6694236897	104416.342462305	42539.7309293201	15766.4835817946	13468.4764904222	7700.72289832011	8701.47375425058	4228.13742419278	8461.46148035996	4882.758748596	5762.20268268985	10785.3753339866	2350.98685597173	3285.19554099791	1767.08109311708	2491.45011850506	303.356498222856	0	47.4555614508008	17604	150078
88	6137.60665549262	6389.54220246543	6786.74114708647	5222.66471679075	29327.1358295711	29183.5069637156	22618.1643291216	17700.1386927855	69465.4707551204	1192281.15445936	59822.8552174519	18380.7125101956	20155.9281228046	96415.5995136468	51335.9594775042	16914.2546950448	13983.4925717886	7863.22331751917	8691.79696172973	5277.02389822153	8166.86916407511	3004.55575857574	5041.71193674639	8606.1970695995	2187.09243195778	3304.54967463884	1449.13477225818	4380.75935928578	339.310902501856	0	47.020281145229	17357	146621
89	7266.60266179635	7077.00333494972	5478.35901561653	4220.77124347267	35949.0099970011	27141.0830974275	26245.1103691905	20530.4100571483	59895.4529187851	1291562.43989626	60347.6101253599	19119.5478068807	20219.5385112789	125362.807549929	29664.4255378103	16705.1183606479	13758.5483518694	8620.40226967187	7178.68681527852	5538.08229263925	9530.74896046216	3254.98354586336	5923.71189928291	9273.9272012365	1775.72054375726	4258.97616363508	1467.66957677005	4711.81048762137	172.557279156029	0	44.5284840080352	17496	156051
90	5998.52731416495	6613.64305768593	5696.74230743146	4164.13313159848	32879.5973453183	35227.9898086059	21230.9847089428	24040.3298797321	63013.7276088451	1272904.25325753	58452.044093958	13851.1375300125	13438.1237764315	111263.853523285	21778.04981255	15497.3289122524	12222.6678666626	7816.50694304016	8198.89079711787	3973.11275725727	9492.46088357428	3342.16815558839	4616.4989386433	7675.94760890582	1949.13796951051	2335.0328481092	1640.48631515239	4678.79681348155	136.427843372294	0	47.3103250864341	17376	153396
91	6855.85843154821	5644.90486517263	5376.70716610424	4208.05770404115	30742.5009199506	34494.3387247616	20842.7499490111	22027.4498769165	61803.4525580183	1226376.49039551	60786.9021848572	22775.1379681068	20082.3192467743	100352.870518881	36402.1861820413	17211.6262591902	12911.3868551304	9911.6405523326	10613.370383633	5366.90112192768	8130.75021536371	3402.41538243993	6388.95928869523	9496.03747792392	2559.21212712748	2501.24454885039	1792.06644672729	2705.61116995376	218.293097299526	0	49.5408585297498	17734	159489
92	7148.51273965801	6511.82567323903	5572.93682373352	3470.55019194883	33973.5263183494	27400.7141797736	23830.2049192992	23826.9833185208	58653.4611963059	1185721.18709895	58659.9551483345	16189.2276678946	17475.7405218665	95066.6277209555	29534.224719627	14072.5240174681	13184.9765644611	7287.79186350532	7772.17654951682	4588.28737883717	8374.35154627795	3438.84453930035	6323.39043948023	9202.71712519723	2120.90028127778	3139.28689255292	1728.38799668986	3638.30686688476	133.818540401397	0	50.1838219587687	17660	156437
93	6735.5116573153	6191.94340655383	5858.81554199331	3792.93270366306	39309.297425988	36299.7607418717	25096.855613509	21934.7678088624	65634.5932240685	1307646.16830954	53991.8762039481	15891.6953123987	17499.8706434772	122580.072793767	31679.7439637244	16496.9820053174	13104.2387661947	7677.17997417245	9016.10305846825	4774.63159806016	8778.91514275395	3836.96520395344	6025.51968257624	10097.9644461992	2365.44671154989	2683.1564436659	1849.65243220117	3776.69389226139	94.5064890556773	0	45.3277539959571	17727	158237
94	8031.53533405031	5775.47628033929	4785.34939375079	4214.4209125522	33996.9577862467	36622.5713862455	26635.5439201463	25288.7167839704	66990.7074508629	1255370.04189112	63354.2662420339	21946.0682812328	16676.105654138	113092.202055296	43278.5763592184	18842.2749734796	12073.8583461448	6529.73563970899	8750.74286672703	5533.82553979188	7923.94357974897	3626.96124893227	5242.71470783732	8297.60931633129	1970.09764673825	3422.17195423954	2018.84707301195	2608.95162539003	145.086611790573	0	44.9224456512032	17728	152222
95	7490.86176111613	7071.24127409497	6827.03569897889	4436.692638439	31755.333510811	29593.4665826463	28208.9081490636	23503.8801214629	64375.1071361186	1276564.49495672	59139.424342359	13314.4167427705	13647.5097373369	110216.533778682	45808.6852905882	14221.7492581893	13391.7398696954	7496.89801402964	7960.8282198504	4442.98319706161	10294.3845948951	2890.95799211387	4793.34657088801	6729.64296273587	1499.32630855135	14583.3838150572	1616.80434642744	4523.9381757392	135.311963030136	0	47.1101054271975	17847	158257
96	5841.47779190388	6750.2679137294	6410.08657988288	3251.68464118181	26975.0096932897	30098.7223788559	22693.6810535459	22518.1233449506	63200.8718056168	1132782.59084009	62048.2847079501	14300.5320011008	16537.1220935595	92780.8550518307	41283.7826957183	15232.156769227	12168.2821594646	8654.78524241045	8296.85412594433	5446.65640096314	9754.24754468543	3962.56826435227	5384.56244174191	9456.91978705692	1770.0466822924	2852.35722856864	1734.32617226507	4220.86974373556	246.288059684135	0	46.879412962922	17212	151665
97	5976.45228229218	6019.11950709124	5989.04902068048	4438.28049479553	30551.9054068257	29349.6765144898	27575.5797414776	23798.5739595846	57058.1985190379	1299580.96526612	57972.5439941007	16070.7771931917	20574.1597139703	114729.210442168	25996.6351410607	14116.2898870042	14277.0024714976	8215.02207103174	8612.64443323156	4912.99209924381	10208.4203015081	3938.42300617963	5904.87151207569	8685.84278480341	2502.87482912678	2096.51583331629	1733.58468500571	4297.05733337901	293.689864976294	0	48.6913724519553	17650	151946
98	6721.29802472462	4995.75204315248	5437.98663278516	3613.61106836836	34533.8821735276	29235.6061228046	25650.7947866261	23923.417400392	66652.297315009	1236196.81815441	57364.1137256293	15725.6541326623	17553.8573588547	108965.65929757	42640.2397504833	13856.9485339478	13976.4188664908	8367.72604201431	6184.93922412311	4773.7528939662	10216.9246295891	3402.60725873214	5578.73529592474	9369.99781710103	1732.29777296156	3986.12157799273	1787.11171908118	3488.76195369179	178.550326579839	0	45.8466234648705	17499	157305
99	7669.84411356283	6755.73382455309	6867.22110529352	4075.06260588376	35367.3422801192	28971.1206709739	24062.2776201896	23946.2883335537	78290.8087860967	1270609.94100026	55917.6069371788	12430.9986903168	17361.9696784465	111944.855250051	51897.0592005583	13988.3016880954	14999.8653869017	8348.41554251194	7473.81360131964	5547.34566840328	10233.784274654	4324.28979560896	5067.2723877108	7040.66151692139	2205.97155680184	3084.17846214724	1653.83404811698	3829.94546365896	194.934947231162	0	44.3792811888592	17412	155470
100	6863.61698029397	6244.8847794828	6069.78080076484	4237.21316501872	33161.1624105246	31368.8297869469	26313.4545701624	21406.6625410664	73964.1935735233	1245426.1085917	66307.1042236991	18994.8348342904	18185.4693687965	107766.972785148	30812.578088134	14308.5354213824	12706.8066488784	7025.94382986704	9086.20057902828	4640.09426075184	8559.78697829216	4478.89576515682	5274.179581647	9914.15443048556	2079.16306077945	8756.7475719449	1786.37088930732	3926.24958042539	291.553707423231	0	45.0945007177458	17703	156020

Average (AVG) ping-pong signature and standard deviation (DEV) per [nt] 5' overlap (last 3 columns refer to avg. ppZScore, avg. ppSequeces and avg. ppReads incl. standard deviation).
	1	2	3	4	5	6	7	8	9	10	11	12	13	14	15	16	17	18	19	20	21	22	23	24	25	26	27	28	29	30	ppZScore	ppSequences	ppReads
AVG	6857.4847873761	6241.01952500351	6120.80501253303	4423.84044076671	33319.976423618	32757.7341607663	23900.7086096537	23370.5066638173	66342.8460059732	1236380.20159964	59868.6269988362	17845.8172933129	16869.6404413867	109843.494746587	33892.9471477471	16135.0859678717	13513.5281041129	7837.59010256872	8061.7554644244	4764.55995888727	9001.66984085865	3482.4287636922	5361.29996541461	8927.84562819549	2113.64195097883	5807.23537880728	1761.14443174415	3491.98379156534	214.684316037413	0	45.9007108793695	17557.6	154244.3
DEV	709.734661490829	527.233884482769	552.952775290474	628.613566048143	3045.06254583777	3271.93358349183	2199.72063772613	2508.5652129998	5249.47769567736	48274.583111688	3597.323171206	2998.34352607074	2579.97525832292	8288.98636577056	6827.64216146951	1551.79071441797	928.46601327438	832.696764600602	827.944473318756	593.404640959624	657.937537928476	505.94808300171	474.798678098204	1202.1752007577	286.541536716083	3559.58209092945	239.157605597918	772.744791556759	68.9293316938316	0	1.6951290837984	153.750121951171	3677.34469012629


# # # # # # # # # # # # # # # # # # # # # # # # # # # # # #

