Ping-pong signatures for 100 pseudo-replicate datasets (1000000 reads each) based on sRNA-POC-47_preproc.map (3418106 reads)
	1	2	3	4	5	6	7	8	9	10	11	12	13	14	15	16	17	18	19	20	21	22	23	24	25	26	27	28	29	30	ppZScore	ppSequences	ppReads
1	7023.96144812707	8651.41124561968	9177.55934140787	25453.5072201278	78857.0032964315	19090.9799422307	22082.7882331558	39759.6059207649	39681.4468664351	896131.115681254	39834.9961357761	33306.4235237013	25133.1546889426	40600.7882019192	24462.9390066241	78796.345053408	17453.1731443753	123727.441768198	16123.0034309536	29837.5325356802	13718.3539109883	9300.6586898454	8897.84132561972	8802.1639934751	8380.15313806657	4891.67864452247	5214.30675057194	2430.29861224285	256.864741773643	0	30.260617336304	31411	231507
2	6850.19497315502	8371.33625977537	7205.39364960484	22851.9313380178	73852.6915598554	22601.4060741842	19317.4868526848	30856.9636944678	32259.6952765252	919259.643480757	45296.0182586695	29913.2186081278	21395.0694987297	33372.7417070311	19194.1256790429	82820.6657966787	14489.4090464306	124194.374013756	22225.0280316495	23290.1784349638	14118.1500301181	9295.42234099171	12163.2605521262	9093.90076533234	9661.33758593765	4472.13050124809	4575.14727095386	5080.41007486017	245.56084479442	0	30.6542271941869	31382	229114
3	6520.92199502273	8283.89917853977	8142.34397249077	22241.7087453644	77699.4983043626	15466.141868504	22261.2289034433	46765.1926027527	33444.5974260178	955437.488788369	31330.5254068589	29971.4646769458	27494.3789720056	39782.2107974062	22233.6253870692	75255.1506770118	14442.5446173313	123858.374140015	15288.2834721806	24392.3316718566	14371.4699474759	10071.7944357131	10836.3509291347	5867.93126688447	6855.9820034325	5059.47810809659	5442.79381852681	2770.69342383952	162.126319587897	0	32.1424962299367	31646	238324
4	6890.01743497603	8462.71220240225	9347.48265444482	21906.4662717299	78596.0786575595	21773.8423401988	19747.603475812	35056.0879141922	38193.6729015868	923108.486819717	47640.1883079741	32784.0298202385	26712.5801410053	43926.4110277255	22276.1939119617	84304.8621411653	16915.3190442324	123119.541942279	15415.8416181156	21885.1045596249	13232.666383909	9158.03826386864	11629.537287761	6274.07966126148	7392.31090209842	6561.85407290687	5466.81883333354	4121.50178893508	205.405132394327	0	30.4056822744079	31891	228505
5	6521.76076794694	8717.5516377033	7429.46816376092	18104.0904009064	75869.4734067509	17950.6662987073	20352.4522051871	36354.0331625959	34132.623945081	990901.732097931	34322.5170803616	28075.4269235886	24293.6755339194	37465.4770588532	23629.5118770731	75165.3630668257	18577.8956602156	139559.413788301	16833.7934753698	19522.6208494907	15905.9195961072	11300.4059432297	10959.8884325495	7515.15611913806	7419.12096186878	5133.70125512492	3897.95512831165	3211.05038567497	264.203718091757	0	30.7685214106841	31446	234771
6	6967.49561766627	8019.02502185919	8288.97125611532	25512.3737965892	68832.1639852218	19362.0848962763	19822.6169527874	36953.4063481704	36800.4935338198	969846.830949695	43791.2963561543	28305.1699358099	24891.0149808141	34956.0165415349	21926.9350188315	79381.9747313006	18528.7045213785	130789.849509482	16201.9232650366	24539.4381907456	15593.8578504942	10919.5921964508	12150.5683413779	7710.06192297059	6635.96661577593	5157.71739210866	4908.99131272817	1819.39154154246	361.220798830836	0	32.0235672648991	31211	232843
7	6762.34460382781	8654.0267136862	9978.1470648672	27771.355477039	79895.4489151063	16981.582261275	18984.2372309126	39837.6005963489	34835.911872252	995378.334761771	28571.9457933218	29068.8832118573	22242.5858217028	41386.8038556346	24435.6738723843	78960.5561381018	18738.9083428959	121300.270511348	12487.3065860555	20381.3558635433	12750.2911504869	10079.4914322354	10828.4690514612	7702.63732791747	7821.29018259992	6139.43476053828	6819.79578651971	3606.07480291719	289.748214649374	0	33.6492952208424	31754	246334
8	6847.13930258036	9070.01744498368	10128.6588239049	16082.1342494701	79303.3011332192	21155.534435039	19347.6915066951	32206.4502577995	33580.9510352426	1042933.64092708	33217.2093522399	29842.8222776558	23944.9244529691	38166.0810361695	26603.1948282227	82630.585383083	18719.2359431097	119000.664706724	15416.4443995077	25487.6405798704	14142.5203431228	11746.1655925882	10916.1599229137	9541.04243434136	7797.97909037383	7700.98687089023	3552.93421350297	3141.23035857454	218.151708501393	0	35.7798430368644	31842	250678
9	6679.66974252149	8145.27224905249	8644.34060671763	20273.3184941811	77571.8471620839	23858.4104277647	19966.6297748242	32336.3967716625	34173.0185277172	976958.753750737	30566.9691976597	33011.1455007028	25969.4213746989	34038.3565668609	18881.4300289503	68793.6775331283	16827.9300194513	132190.426349032	15785.0032023606	27768.8270524021	14159.554161505	11544.3545112663	11954.0564593411	6970.49649580059	7675.43514870696	5052.66927614841	6970.85439185823	2066.65236465957	185.441146608079	0	32.2478472229524	31516	234173
10	6722.32000735379	8750.84680162104	10097.767806878	18544.5920167827	80053.4254267475	17624.1854269799	21777.0179657485	37987.6298649934	33145.1141857068	1018511.05213193	41014.0040621789	29881.9488861194	23395.402853437	37694.624303637	22039.0618664806	81147.3168896565	24521.1408466078	122211.149385955	15704.2475428176	28417.6527075997	13412.1057367868	10486.4095704961	9597.84639468054	7178.91359680501	6916.1203081628	7144.21607452264	5026.16207053027	3263.87147686857	212.363652833776	0	34.4081084630057	31480	239600
11	6609.1545315726	7729.89743201369	10660.8086541871	22455.4378198508	76467.6723302023	18011.6048641864	20930.9682514083	43105.2831147929	34070.6493091559	934151.452461606	34816.5459597106	33879.2210677128	22914.400835881	42843.7992493599	22372.4387164774	74651.8952832988	15361.2476366128	103002.499794501	12853.7862509683	24499.1874946421	11340.8328901102	9203.97290026712	9089.45754105902	5657.98819382996	8172.84828215713	4388.65589360952	6446.83794351811	3427.64914194084	256.8778208105	0	35.7852052149573	31453	235318
12	6790.06463310492	7790.5322705068	8652.65401004058	23527.770231193	88496.5777497918	21549.8639233029	18856.0939455396	31696.4842790127	31008.8934653303	995544.486833326	37826.5428103291	27025.8676239125	23681.4514892373	35443.6672420078	18443.6960539308	79363.819151412	15311.1659236439	130326.977056792	18480.7166995121	18522.7957925485	13129.3521786584	10525.3284166276	10447.3275131845	8445.78535145161	6898.25367106758	5130.01554354676	6575.1779364303	4013.67626816958	290.89358109954	0	31.1351792012875	31158	221491
13	7076.13392898071	7485.60160659309	10468.9942187028	14186.8842667135	75549.2817334448	21027.7433405105	19645.2137485597	30218.6326198027	34711.8330639962	927489.526263	35796.145512288	29525.7452651309	26957.7503230096	33176.0564687564	21108.9994212989	71692.4213972605	15067.7368204765	113064.342352226	17341.3882169518	24816.6695365058	13525.8231037453	10536.4782776279	10028.134152653	9952.985379294	7115.91361431172	4686.13543985794	6479.07875925829	2576.51562816435	257.431694443297	0	34.1682575085097	31649	245480
14	6970.6172706525	8350.45852446718	9861.51360885941	18705.4891313724	76129.6853773565	21008.252115102	21125.1540899139	37592.6251238871	34839.3294600239	958608.380889252	40491.9080080334	30817.5244117456	25111.2791426404	33955.3181478053	22598.8824161628	82961.2457423567	17385.4890874097	131069.246571855	14474.4762051155	23550.6315984681	14075.7234693297	11546.5908935206	9707.99293921439	9133.91220544742	6972.75441773426	4401.01395461645	7235.96121921245	3789.50525677709	216.37974974001	0	30.7388790580535	31213	246119
15	6525.37855989551	8396.67279597088	10971.7192552622	21117.9837772206	80256.9836824982	17614.194102131	20343.0150915481	33958.1124180405	32680.9292278176	917686.919003636	53171.5614091813	28705.9679792447	23015.9719560284	36417.7037747254	24574.9638146277	87546.621157217	16999.870817628	120007.603571489	17773.813615165	24250.0049762081	14039.5964140884	10023.7580698438	11191.3318110104	9031.64796591279	7584.27711631892	5829.14364508909	6001.61015780246	3314.73496705099	189.859433687662	0	30.2227007341124	31365	226023
16	6563.80117848217	9358.48258952436	8043.84410727431	18853.8253420805	87269.8841619696	21281.5059999477	18940.9485903153	36213.0965364516	30562.9007751977	947678.691010266	38405.4414894947	27573.9232548595	30762.0183269256	36666.2070853816	20542.2770007737	75853.3366516344	17864.8023045186	119202.235622759	13674.5184222422	21569.4597014168	13945.5635667526	10646.0589560451	10253.03509559	7731.03182523231	9553.16830908649	6199.46378665508	5770.00037348137	3899.25440592957	181.861913529784	0	31.896933104991	31036	228226
17	7055.74438297981	10048.1545768559	8380.73701755156	20616.0499410053	87964.3147123111	17395.6462937517	20443.0083133425	35236.4923792873	32187.6639392934	1021648.75818785	31741.887025341	28578.0874074726	25983.2792780409	45527.069300857	18742.7327714225	69512.8917746889	18960.1212288839	126884.963536268	13703.2966485312	17744.8509929235	13559.2184349017	11125.7854111218	10197.7098960927	12956.0407551427	8098.94339881382	7782.83565199146	7004.76919828852	4529.79175177261	235.442037177426	0	33.2677073313859	32102	247106
18	7160.44353926745	7893.95831940652	12570.9819290437	20297.0367562575	73918.2788384469	21167.2231990771	20536.9404874211	36357.9474886209	33329.1476671686	919308.661753699	31183.9341386414	27515.585491837	25766.3582065977	41227.611248222	23047.0072410604	79331.3025804032	15599.7616467104	127037.840264968	16346.7274442815	35025.295595515	12872.6419512285	12701.7809595067	10084.5472598139	8163.76351240894	7165.15883564406	6258.09300120591	6034.5001650843	4323.80959950481	350.489218594434	0	30.8379913425947	31586	237459
19	6309.02693705723	8037.803589302	10707.310619135	25127.4471146787	79368.7796923145	19864.3576249038	18392.5996988554	30151.6211361441	34647.0773745459	936568.591102385	37236.9851491132	28178.6879553786	24062.1944499282	37772.3253476333	21308.8233166559	77113.7041617253	17668.1711599462	121987.501822526	16004.7767027235	23521.764560372	13828.7531974154	10893.7262436235	9847.79295081002	7829.51007345673	8233.64152249504	7232.60779501917	4277.84536473663	2703.02431086786	324.182447326713	0	31.9321954555993	31473	236755
20	6963.70336043373	8318.12325645098	9775.85645621013	19982.3632500591	72985.6488454513	22070.2146055869	19383.2487551287	32652.0719145561	33344.0205515031	906058.600642015	30822.288400723	29153.5581920958	22048.7149079057	33314.4385544547	21092.6231102782	69082.5513112005	18305.2604614079	126973.181220461	14210.8654907534	20429.4959911708	14041.7094215835	9572.11859012151	9657.24742477799	7613.91200353206	8703.13524872877	6938.29677820295	8089.47618510815	5076.71733460958	283.315817389762	0	31.0740659020716	31018	227718
21	6970.19267167919	7761.38051640094	7580.70938325567	22600.5045865853	79452.7572761363	19551.9661364832	18434.9164211173	34327.1545577848	35011.5322895084	994938.180478628	30294.7746862757	29020.6079628497	25612.8945061897	36594.320733699	24458.5357241713	64014.58754201	17029.4424298084	133040.327404502	12976.4021313426	26348.9703183427	13755.6656273906	10709.4411492027	11081.4747805368	7144.95651504552	7740.29628732472	5384.24267912288	6583.87823766881	3418.31766133942	280.322713457333	0	32.6763016489559	31821	245402
22	6517.86405930507	9080.84621448674	12516.9798431677	21541.6401000747	81413.7132934883	20386.4474598229	19609.4140048593	35119.1929249459	32786.2027510012	959869.918232097	37575.5160162871	31419.4444212974	25707.779898423	41510.6193985632	20572.016084235	80898.6658282884	12328.9051611653	121705.880549623	15731.9607156901	23265.9655038617	12900.1669034561	9418.16025312538	10149.2788938864	7104.18251162554	7817.92323540521	5985.85435452117	4294.52205245654	2049.3368919109	294.170723418383	0	32.1299018061531	31385	233192
23	6208.81409107743	8452.32868566735	9123.04936761782	21730.0371713103	82927.0732402443	17917.5486471973	20272.2128910119	38649.4027548341	32964.6509024757	962776.307903633	52614.4597237956	26388.8226598962	25340.5937413581	35695.8853633253	20740.9630814522	69112.7339507042	16676.5946483322	117532.892145985	13403.5316056603	26810.5723046093	13549.5829194451	11918.0413623651	11348.9319312232	7574.50537544724	8729.2534303489	8076.60940737468	5458.34128980278	5146.60459610565	237.32521162289	0	33.3949783931783	31763	247639
24	6791.89076389116	8064.54555654081	8596.83452000758	19264.3677103554	73118.3335910898	21879.0594907749	19610.5965221501	34909.3061284943	30346.6377818778	987470.264956301	46237.2555047036	27881.8357499058	27125.4281784283	35265.5116013316	23036.3502944707	79656.3808516845	18007.5201047052	129737.33453072	16230.7803470432	24722.0903550126	13431.0657490628	10250.3626836851	10367.5837868433	9399.32781478519	7480.49014390734	6982.26426010011	4073.94799947034	1902.12783052878	212.139250034094	0	32.4092714280311	31744	234987
25	6763.5575940356	8167.98216762504	8583.83483172281	21789.7503197964	82142.5982129614	16884.9214130218	19804.9325827589	32010.5652329126	33577.764051271	941419.617033522	30911.011097674	29111.2947039967	25256.2788046506	39542.469562633	24011.6934896432	75101.3303520901	17347.3505486838	121313.091310946	14493.2231997475	21764.0966962504	14024.2937380027	8991.8223706016	12107.5271041363	9084.69556984801	6441.25913460901	3754.26629743554	4039.65905293218	3540.83943484911	237.524226394468	0	31.9413345683478	31582	238664
26	6461.59345069517	8118.92098874343	10713.5572586333	22915.3282475851	75828.6489632724	23204.5844911855	21354.7847014952	32858.8767407244	37359.2156064307	967284.041818677	38663.2524719693	28175.2190249502	29345.3076003634	43181.3063094678	19910.5994216447	67338.6635440851	17428.2406356889	133253.254330771	11980.4939304797	18824.9322821645	15856.248788575	8875.237898654	11682.423391623	6778.09645143351	8484.75133044578	6403.22800112378	8459.86087155395	3810.93975718468	200.804707060938	0	31.7217727449067	31692	239295
27	6712.6512301797	7847.91408911179	8074.99719442367	19877.807746969	77335.0884955818	27886.7093841538	23520.7380885111	37633.4775411824	35849.4260768996	957264.717943192	37237.0305240906	31772.313648404	26881.6909734969	41440.5288959195	23080.7835258304	70706.3031052791	18755.7356278113	138863.295293519	20484.2505987879	25733.6111902834	13820.1291748633	9885.70584432261	10779.7128494074	7156.52834724625	8441.88447369156	5957.68728769254	6571.33327549451	4170.14716494904	265.472396729147	0	30.4944321832601	31650	235947
28	6277.90103917471	8164.55191222334	9777.81662014951	23789.1092711344	82206.9260028236	18085.4691237643	19096.8659407835	36114.719479574	34455.6129141224	959962.124958941	46487.224496416	29398.7670218608	28153.3927703967	43426.4554596939	20767.7761435514	82637.7200916596	19939.2903530003	113983.770119313	15533.0347403557	36901.8576699411	13035.0248587627	11660.2077960739	10323.9159690512	6659.75345953691	8406.49392997227	4591.35741394883	4526.69464264351	4806.18832208135	324.238292889081	0	33.2668586829258	31450	234859
29	7296.49845378235	8957.25540922199	10262.6262024312	22756.3825892275	80211.1539503104	20190.6597194684	19242.5545609378	34461.0806217662	32184.4478591129	961566.026082233	30383.3667022169	24368.2128227591	24222.3614955218	38314.0717740531	18072.9312976266	79448.7290065243	22754.4086724815	141916.178177661	17105.8107823095	33604.9977111608	12519.7674904384	9702.65908408983	11838.5996671813	9279.65474983119	7287.28819568106	6380.27775708568	7497.19107622293	5184.19169622132	244.944327046446	0	29.1811017968066	31276	229114
30	6957.54566525581	8571.71519745907	8910.46304595083	20565.8035870584	75415.8190098602	17336.7258330199	20242.2825004341	39568.4334695519	34431.5630330922	1004682.73126049	37348.7238701563	31286.424600759	26870.4196189809	41605.6689406941	21542.9555855588	83623.3818309764	19554.9559116651	126901.363836661	14658.4088351668	21394.6445896502	14827.3037816446	10253.1993299739	10395.4789006052	9452.49138655451	7518.18410892406	6448.92512022037	4221.65195500518	3820.83441914383	264.379451839395	0	32.9075407900075	31080	240286
31	7909.02823103845	9061.65896779217	8314.79032336666	16892.8277591268	87755.8607493549	19012.259544572	20891.3251678865	37116.2148216981	36353.3964751083	913925.200900427	37627.0073479387	30414.9555004922	24070.601261491	37796.6838044393	18607.2772187866	67086.4359213129	15712.3995959268	128886.88743334	13467.0397150174	20509.9549834778	14439.540561513	10404.6279948799	9096.16217845595	9297.07960411035	7820.39762660251	5135.37219474776	6132.14580314883	3572.57076341733	225.157086439404	0	29.4624376101123	32193	249472
32	5904.20757737943	8865.35685826816	8586.34309570561	20936.354836273	79079.3661526667	14449.3472655911	17794.4685996534	42824.6844035272	35108.2342504025	964323.490827628	41137.8587012608	28493.6584333765	31747.0649675939	39553.1132545125	18839.5188184497	88786.0237998914	14781.8229401721	137895.907392732	12951.3392953678	21163.9915795922	14871.232577965	11417.8440389966	10277.2719345075	6238.06106691538	7202.49430837002	4949.6970946693	4936.77400081611	3911.69811532835	201.033388529317	0	28.5758513016382	31355	229028
33	7171.909556076	8318.53612400387	9574.87524556515	18951.5006171348	83074.023847302	20633.0898727882	20568.0904344145	38556.7085736982	33786.6169789677	964258.571433686	32739.9138137891	28415.6464115139	24374.9214889316	38422.6016555749	22408.6104757782	91682.4351001963	17441.0924206559	111346.254979895	13355.6388154932	27207.308620354	14277.2925203811	11712.8245637174	10067.7290359122	6927.46161279501	8049.25771413364	5296.62058734095	5979.04052054556	2653.57860110297	305.665788703605	0	32.7505401223965	31720	247749
34	7042.44379236431	8031.14320521257	8241.07134146729	22147.0477731151	75427.1906952821	16139.8616315312	21238.5597790766	39799.771943371	28818.7916917208	908543.357222622	32571.7421720664	28115.2229527992	24759.6022511721	38834.1075213776	22236.924717014	75300.0844410513	18207.8009031555	137210.675727051	16948.229999741	20368.4483978458	13055.6112015587	8771.66698289667	10018.7136150304	8541.57436597017	7514.16082670695	6358.1541887105	7370.27404941979	4003.63417801608	295.125358406046	0	28.5559186835352	31678	244921
35	7225.17579000916	8493.92402050843	8696.51124504457	22562.835321468	82894.503296426	16254.2737431439	19283.0396828708	29383.6483759897	39381.8513444302	942257.668495158	31546.8115321957	30039.1813225281	22858.8290723362	38803.8334264004	16648.4084270926	72717.9260042852	15307.4576726694	119898.181770405	14947.1248975185	18676.1435165093	14432.2309248492	10114.9637368984	9272.34931571638	7427.32433803432	7307.66733478741	5269.5281057725	7174.32461329102	5302.82469093297	286.754766126638	0	32.0032228704374	32078	248318
36	7110.04823066557	7906.89778752352	9041.4230775066	18987.2151590337	82605.6487724747	19516.2735010665	19999.3563172072	37694.755352342	32965.6626434493	982907.934253001	30318.6055109591	27582.8385085309	21874.0287277098	33925.9831508482	24867.8222823517	74410.2564535577	14749.744651154	103272.579492135	14958.2054779024	25892.7643038314	13542.693773986	12501.9742979643	11061.985936758	7388.837898445	7137.84848519419	5584.22153299054	3725.46650339757	1707.8279432137	233.341848506848	0	37.1129094094454	30742	225024
37	6946.09455224195	7838.50013168611	9381.43059799618	23048.3146657665	82849.5242899789	27830.4946338279	22121.3602094357	32338.7135681291	36168.1822698466	1018350.69349789	33212.4806935071	30304.5767988788	21984.0233747375	32545.3454049887	18511.4606214224	78586.35626726	16024.8837229599	137151.72899118	16108.7463120252	20724.0786555564	14609.1751462066	12854.3226051364	11281.8177674578	8771.44473896135	8758.50941236977	6825.71587850785	6193.32863871605	5931.3936225984	266.383620432373	0	31.4813658101709	31893	234806
38	7260.48080199794	8497.38843156942	9581.53053189671	18293.130419398	89277.1036575192	24354.5624390219	20066.8600332256	40176.1524741244	36565.0929379401	950504.986886002	31270.5289827177	28704.0792869159	27401.7363099503	36739.9996046914	22495.0151322253	70074.099329095	17041.3277009448	112270.136611516	16186.2355900528	21470.2322376843	14098.6338116434	10868.4689916926	11567.3192730466	7161.67451392044	7530.39494886418	6601.02610415019	3777.08272891031	4426.83781392119	254.6245786056	0	33.7788535552962	31403	233872
39	6642.65449882684	8647.2999132266	10047.2233146771	23570.6164610868	77242.8308811418	23002.0737128333	21104.2076169194	34717.7633710034	36554.6882030283	975502.813128254	34092.6444932973	29168.7684756315	25807.1846213588	36461.8396010956	20646.4650192754	87253.3054128987	15521.0456475063	125170.678144059	16134.2192619829	21192.1655206291	12532.563069563	10837.3744642509	11583.0653209355	9223.1509839733	7533.13299102369	5587.54670188236	4179.31205354742	3589.1010462095	239.690959651211	0	31.9530167156783	31556	232554
40	7213.99124555146	7972.54277409561	7659.21227413264	22282.8215677417	78104.5396214066	23801.5630871347	20846.9691308043	36465.6749803045	34866.5749954599	909539.987892969	27696.2135135861	27180.6252678456	24386.7705436675	36281.0588492135	18939.2542546889	81583.6002276145	14333.9576941566	121804.895008173	12722.0815200253	21358.4329511303	12923.0314853513	9581.03932843561	9852.74198800279	9248.25682254403	8253.69866878343	4291.6296833877	6441.52569930585	4572.86023925927	305.067920436863	0	30.3827609642162	31386	226061
41	6697.64292780371	8918.18806626167	7840.42033952005	19370.0138170332	74014.634350304	21582.1729226236	21482.463219276	33650.7843512535	32535.7245699552	998297.467334233	38143.5464891437	29990.718208262	23183.3174301784	41093.9540242721	23949.0438655609	79537.8723760461	17182.1365619193	115202.878155222	21666.960447785	31366.7375572692	14184.6100186406	11786.1532894501	10402.9106747605	7081.14695755375	8581.65874902078	8022.62216122318	6330.3942781058	2759.59300053867	289.057059329939	0	36.042435981373	31494	244758
42	7043.16157925616	7689.73493013395	9200.91506950295	19272.0081788354	70374.7193973818	20654.8600418423	22139.3686558358	39916.1406869366	33619.1929558306	1000840.4959052	39447.3926787536	29247.1706753458	28563.6976736756	33998.4292421291	16517.9391703073	74546.5981559882	15714.3225163794	114049.346962764	14207.9674464595	24710.3214582335	14715.0821070644	12693.0829684791	10119.7564737425	10748.4893004	7661.21364380368	5730.25420347113	4141.82980815399	3255.62962733572	202.770226542761	0	36.8060918494522	31722	250375
43	6609.64408698789	8694.49042117315	8463.31272873435	17232.4960095282	79985.3579971077	21723.1898334244	21217.4487499883	34959.7655318032	35620.4894281755	930409.220849016	39172.0170142086	31202.8976743195	30033.8299590921	36214.7470690725	20061.3719258449	84477.6421771012	14751.7555195137	123416.387519864	16884.7125094316	23445.3935733431	15866.7671469124	8797.46982697326	8371.53991368088	8891.4279370658	8654.06536429417	5205.00422520423	7069.79042744331	4601.87133459829	358.535541810113	0	30.5710959344146	31841	249145
44	6336.96772286071	7885.76522456551	10683.7212674885	22772.6429941217	78446.3289228664	17041.4256492447	21286.2110168736	35072.0312266277	34565.0002099128	958471.984239447	34032.1001234792	32932.0906540101	27513.4693092787	37257.5024763072	20150.901889719	79661.8364433744	14669.0396737124	136186.685755382	14982.8534043212	20678.1821820308	13850.4384953206	11428.9406975094	10242.6400241469	7529.55569115074	7646.98385273379	4386.51705124138	5409.0540050798	3864.6065263509	224.348999481781	0	29.8376796630789	31352	241511
45	6825.76936714106	7470.05939170482	9114.72762485882	20846.4890473101	81918.4639133303	17868.4082927157	19177.1191146021	32837.3160725924	31662.0875771467	997608.709144902	33885.8198171544	30523.8999071446	29736.3488298672	41444.644618149	18755.4408565785	74790.2835791995	20420.7510405647	110516.025008183	15758.511372642	25099.4222825602	12954.6398657557	8996.76910321243	11682.8265246325	7229.03636962016	7519.2471760575	5155.5456393024	5612.61572131692	3952.78206277387	271.865233629317	0	36.2723034781746	31677	223297
46	7352.29763122064	8822.70796686815	7719.63607078185	20358.7935078489	74917.8237321627	17426.4662351009	22216.7464287647	37708.7741850548	34968.0481091935	911573.757740602	35834.3346932172	32610.6380112943	25848.7147086511	38828.040422401	17626.2016833063	67776.6603097835	14342.7618828154	117725.58847803	16279.5254861076	17010.8113201876	15627.8247562496	10190.2125181845	10585.9311260487	11441.1791405415	9047.65805450842	5815.25757301043	4220.89517204097	3963.42367540963	162.073823439883	0	32.6498813609093	31319	229505
47	6326.05252291374	8208.75717606582	10221.4819078827	21690.002428751	80957.5256118983	19664.129717522	18891.6008307367	37424.9462597792	36833.0296260943	1065060.86387728	40800.6100958754	26836.8561529586	29550.8102781401	38788.5327401976	18450.0625279124	70262.8401085759	20973.0552954476	147411.387916339	15928.7994966058	22080.127304388	13048.8992835444	9428.61533074059	10654.8702227765	5209.63186271418	6806.42151989206	5392.01200336104	4506.46174782386	3124.85851579153	224.168237981854	0	31.761884020595	31592	246474
48	7411.96916885353	9024.55004053881	9682.67209313268	28794.8551553308	75012.314437694	17339.2498083449	17944.0551810704	39244.8791983945	30552.3575617744	946809.829752419	29412.530645178	25944.1777632175	24817.7374054631	35208.9348447588	20047.3120420677	77664.8245482586	18945.0682286507	122814.226831119	15240.9152506558	25463.7634120516	15012.7326485206	9973.42203936812	12715.8455242166	8012.54660229825	7738.66217612736	7268.02659980195	3996.62024725967	2853.52732504023	206.056034804754	0	32.5098039211789	31679	241981
49	6794.64427436114	7759.96156622728	9648.14914226426	20495.7129468394	79868.747823706	21322.1270826526	18565.0272996963	33342.2459953032	31853.4827488491	928960.460923959	30655.8533723241	27444.8833608802	23134.9518672052	36049.0369405236	21780.6587574672	73985.2600943832	14707.01892488	117173.238228114	16947.7913055278	19360.0809900625	12343.1706794322	10080.7852092354	10896.9701692714	7297.67246175382	7443.34683829496	4922.88668315949	5687.00997753685	1603.08060323023	276.392082173798	0	32.6134730610033	31203	232174
50	6250.34496857205	7602.80172067978	9733.22640788706	15649.321992603	82382.0873253804	18080.9850813822	19846.31857323	42219.0623272964	32723.1192691036	937679.051565886	34203.830087333	24626.4766001009	26592.7380977464	39662.3064751429	25552.6899568024	75311.7253715133	17004.3262488438	125432.630338435	15241.0871868798	24033.0085893867	13980.0888238494	9943.16002698295	10686.04728365	8471.13820496155	7647.47389344578	7643.05586510703	6925.13146694514	4134.63650151216	383.82647172592	0	30.8520395537321	31319	240364
51	7128.01945412933	9135.58620708017	11288.9725565019	21486.8633952562	86671.9328254259	16968.9388980102	20054.4323710576	36600.4815669824	37485.5024873381	969834.038850363	46692.3159180183	28987.4388528624	30810.016339594	34286.9338469759	19341.5127718549	95979.2234987456	19565.8256154847	126400.107699085	16527.4481985204	26561.9796668598	14313.8184029315	9919.60185891692	10743.9547746495	6637.97030614953	8247.67226346116	6857.34804433293	6158.83324083588	1713.90522502215	317.734273780977	0	29.8820843897663	31937	240791
52	6695.05110866381	7081.99301210896	8006.02842793917	20141.0880483618	79889.1762944467	22129.2847244009	21385.6269847856	37922.0566193127	35335.7622979343	997991.524591294	32467.2974590661	30107.4016737802	22708.1811968466	36713.6659356658	16047.2502407184	64233.5946498425	18718.8312763008	133010.805975675	15494.3406010889	24774.7674170233	14482.5378647788	10285.5648425265	9867.68790857054	10257.2349754008	8679.86557613052	6604.96247014255	4014.23954167026	3031.49570228855	245.556401684964	0	32.6320768196557	31935	247352
53	7250.57189646723	7193.05970247815	9229.92469171937	16879.010165731	81471.1441147912	16307.9857811085	19356.4919321647	44504.4913085009	32869.8402931994	839100.978494658	33426.6033275212	30685.1137112135	26165.0549441812	44271.6850185032	23095.8770056766	71891.1172246357	15364.2614455968	132530.830758588	16596.64842419	23201.0050715789	14264.8895522793	10234.2177593517	9831.16855265947	7954.6891716246	7567.27465360249	6627.33706881102	5494.54141027272	2180.18613066827	356.783125392097	0	26.5634393648343	31416	229552
54	6866.63189127721	8941.87551908353	8340.76969927023	19060.5359982107	78504.0278462871	21009.4149003058	19922.6370019043	36246.189357258	33179.0299077634	1035547.26852459	29825.4640183822	30504.3964307882	24669.178232256	49640.1290119223	19166.6671789116	77078.7771948083	17875.9617731936	104529.131861011	15783.6607061127	21255.2824851149	15628.1094591165	10817.2319394763	11539.4566332856	7944.41927247811	6834.62789698605	3745.65795054402	5758.97792697148	1669.29132276872	416.875720816538	0	38.732930922759	31343	235923
55	6771.54801559452	7788.69354144821	9760.08744013936	23417.460290611	83269.6926669484	21142.3101542608	18762.6391389836	35407.6518079221	30279.5517493769	864394.496539819	30145.5048727317	31369.3849206348	27088.6385479195	34672.0287051758	19462.6316304272	78058.1443902548	18392.1087747242	123246.521934828	15326.3055001151	19973.3589672395	12870.8920431518	10284.764591705	10458.1336080468	6368.1272641349	7607.10719064622	5028.61148833907	6789.29717112863	2718.22838446683	391.684438540708	0	28.6922109217724	31516	234961
56	7055.79747416726	10159.1210398867	11086.8377709155	19095.5365869862	82391.8576320809	17211.0099415179	21083.7666856076	35704.6653559903	34920.4210451168	914813.770120262	32328.5363403232	27551.0222761374	31175.2230340503	45862.1635274507	21553.2804696804	82512.0461218123	18014.1753298656	125847.818658009	16497.2614904202	22244.7394699517	14872.637611964	10375.1836949799	9616.82540681032	9347.94823018953	8367.65159369152	5936.31915043893	7246.57223894523	3262.38852148365	208.440899607236	0	29.7173105893134	31269	232720
57	7001.51804217328	8622.20843313215	8827.4311719642	23702.4053346902	80139.7190549634	19143.2618053127	19106.9776647275	33347.4780182392	34220.5478857226	906883.547875283	31927.5999962754	30777.0692658169	23698.0992068121	36229.5355181402	20840.4321544273	84370.0549590011	18033.9444063883	122406.538466402	15546.926558841	21928.4426871924	14242.3323145957	10115.2343239258	9014.44163411094	11092.5926308687	7715.24678872274	6574.93586511134	4063.43660010836	4438.8679027245	230.74252157975	0	30.020034211534	31396	234726
58	7077.74234034576	8088.15926538163	9445.19895743221	21918.761703481	77961.1638582629	15736.6530613675	17415.2750242747	33712.0786540776	32827.8125255298	992857.774036383	41900.3115507686	30826.7104257522	24951.7792910445	44008.5822753335	19747.9731060062	83138.5752700909	16705.0462648571	108421.551916649	16235.5785978921	21063.3906985348	14500.2129015601	10711.573649757	11646.7623065329	10282.160027376	8675.87608446528	5983.28838429819	6984.95153716124	2887.40786480001	255.959048236292	0	35.5189689230968	31847	245854
59	6407.22414654447	8586.97260880337	11389.5794453033	18777.2309802394	78807.8107904901	20560.8671919869	21316.1258129955	36948.2855892709	32688.1051678389	1014952.71198858	34976.5205952518	29846.6729874096	24604.6381725168	35090.2511724205	21415.5705603014	69148.3982075603	17864.9700426189	121193.812473206	13980.8710981371	18963.987123016	13633.4898537377	9329.4569391696	11801.1983723222	10095.4023824391	8158.50777110989	6867.85081713526	7142.33153694746	2761.87439553071	260.831917729366	0	35.5878703420169	31851	239663
60	6798.32500517667	7878.75241870463	9290.50593618642	22205.917831152	88487.755176195	14249.7380434299	22794.923601993	36894.9615576427	32828.8910355659	923148.868166153	39404.2909710946	26685.1494942988	19317.3843415658	38874.7115324501	17056.7892022716	75916.8776927381	15327.9256992977	113767.211330279	13835.3893625345	28369.887623009	12125.9494700484	9318.46011435956	9802.69876596231	8797.92044961419	7970.19562829329	4619.06789842047	6420.912859934	4263.29488367928	233.142781754912	0	31.4984877111935	31850	235757
61	7172.31556807598	7899.15805108285	11193.2763056864	22775.3169596355	82176.8440396628	17737.2282630381	20872.287037786	36302.2161932159	35392.2382561896	1034410.98939169	37079.1007304274	31618.6912857843	28454.0446096134	34194.9351119402	20142.770688096	70774.4559637996	19118.3751410307	122890.83526175	16293.3313409449	24317.6891276066	13548.7603305621	10715.7547938974	10852.5159321564	5972.42304565211	7705.45827705103	7870.39898816724	5479.53643605777	3939.19652264588	276.588615411558	0	35.6841291244319	31813	243703
62	7288.90521809196	8107.4290940232	11748.4625712299	19840.5921774629	78659.676561941	18040.6779769659	26650.3320397638	39542.5812105788	29981.3278225736	971421.992117822	48566.6597354604	31117.3420807844	28459.9591613625	41818.5314025885	18391.3530393938	78294.1513144002	14036.421373524	113654.133101038	16357.3339407289	20413.4326275907	13527.6923865202	10237.9338647011	11063.3602125544	7036.23360592883	7638.34544009226	6831.90421056447	6864.76708402189	2222.79786267141	261.186126894199	0	34.2980840805345	31725	238488
63	7643.45823478033	8530.89541756903	10855.7572321311	20434.492369812	87729.722306023	18244.4923578492	19622.6436925483	31472.0537199073	31691.7048688753	996079.157700561	31481.0657806819	32633.112891481	23175.9814138133	39226.3613271507	21126.0483754623	69965.6518124085	18480.9982649063	127348.972254692	13433.5266554403	21313.0471823744	13128.7587688772	10754.5858746631	9838.1702183302	9118.21112316085	7767.65282638106	6322.53117900857	4745.56205142947	3488.02812788848	471.741644497472	0	32.6083853633463	31495	233001
64	6548.1989430966	7579.51398773747	8138.19294283252	20360.996080571	76368.8472640716	19322.3872487408	21188.8761316262	35940.2703554187	30542.8211559563	921110.893966365	32501.8264896908	31647.1093750834	28050.1894762492	39652.0981264962	19733.614902396	79279.6549358626	19745.6021135895	121653.601590773	13597.5045350799	17803.2440399485	14473.6912893961	10077.4029899088	8662.23315467486	11099.8764403597	8808.39369271478	5473.2883435132	4712.60059245707	3430.34119444885	281.665335603721	0	31.2136448962161	31332	231474
65	6675.37199702313	8724.31741231465	9615.73637848289	18448.1474980949	78524.5701606234	15838.1903995198	19198.5985184662	34722.1225564385	32482.1646547249	928418.538465718	43859.8878538261	30323.0868377585	26492.6819941933	44413.4525401798	23078.835282539	83029.562426146	16446.2039726379	117970.994908226	18169.4837894457	28704.3997014737	12410.6898919992	10177.6369237674	10006.528724833	7472.1166805625	8363.28722585307	5334.87326860963	5060.6433086702	2471.60493244686	240.469861177474	0	31.6163448898995	31597	229469
66	6410.92988404403	8916.00813750538	11349.1620058812	23315.9912359308	75074.4301669041	22114.053283554	20303.7651598082	29938.6684597909	32936.6483210276	900420.677800105	37056.9963308368	30211.7921000942	23377.4814659618	38996.7044850239	19843.2220731353	76868.7207874707	18059.4524244912	118015.586548945	15391.4739490151	25091.6635028871	12914.5750955015	10277.465499869	10554.1802282729	9056.14009158025	7110.53993191669	7584.26274076481	5698.4423990867	2791.76781809572	305.504673263197	0	31.965220533806	31702	234385
67	6604.32732573596	8792.79305665822	11609.5882611283	19555.6575174033	74655.9299853272	22130.3624572028	22972.7281385091	35910.5656068563	30863.793131633	914053.409661769	36553.6208692926	29934.4829123377	25196.2456673386	38168.9530762826	19932.1150748783	73346.3684254011	13334.4684643886	117910.781747009	13615.5928611533	26620.6243454131	12373.926889064	9764.47201257369	9971.68523654959	7359.48884652644	6773.60199266525	6053.69142971743	7256.92709286213	4570.50405711483	226.272362684811	0	32.6795648526453	32006	238545
68	7444.60377452526	7972.83538708009	8713.61239539675	25952.5498615108	74360.7508300381	19795.9613691022	20443.0176113126	32483.6515897946	32411.5350282908	922903.854317307	38812.9799085449	27401.096247115	26699.5257494684	39410.9951536212	17357.4360921013	70462.0320219744	15298.5419782378	122716.922927174	15475.9085842863	24628.6798223069	13231.1111777332	10564.3525236372	10264.5389220091	9044.3834348104	8324.44117845393	7153.67879076138	5030.84253072062	5966.71491992714	357.311435753632	0	32.2162841153151	31724	235454
69	6586.40617061773	8142.83978344745	7389.83569023592	23847.0711471253	84914.0322515658	21077.2853281211	17683.2876059746	35136.4679249641	35732.0412621369	955472.621758458	29597.6317826956	29031.5982326712	26614.2469180034	34394.7628495068	20491.0920150917	68610.2917217096	16849.7584989339	137089.173357876	13952.9736779834	26019.3401346561	13786.3732509357	11606.8099340851	10333.643025932	8542.17760279842	7349.37616153591	5230.8900122784	5164.73304444608	5133.02667378813	435.247490074831	0	29.8379298586992	31501	221648
70	6456.10866546924	7989.84055690979	8570.76331086389	19209.1885521161	83253.8627181697	21434.1631031557	22573.8329790727	37436.3393743072	34336.3103732712	949359.171250727	39346.9310714685	31011.8908275217	31095.488205959	44486.5841307074	23691.2727458202	83040.3943002479	19961.7456057121	114762.750292556	16953.0260712982	21119.475248017	13682.7451446978	10481.6100851281	10668.0996228268	8011.89510078544	8868.73366002607	6303.18768566527	4907.47596114277	5059.10620522415	319.183061747434	0	32.705534598741	31708	237774
71	6626.24157968581	8571.60728412645	8491.63237080621	20576.8997491706	82193.1242845864	22552.811754973	21259.7434741242	34110.1922668073	40800.5815388694	1001262.84772178	47489.5993819323	27533.3372507992	24084.2422624478	38058.6847004777	20928.2369877984	72038.9851414524	16933.0603111331	123628.753850087	16055.9880957613	25141.3466043282	13861.264438168	10229.2074301047	12358.4727553442	10121.4005721974	7007.80515133353	6698.30252263733	5656.84384339284	2926.50124502673	387.645607704456	0	33.7752852976124	31241	229963
72	6471.16973331051	9220.51146532898	9141.46760926845	26578.4686728907	71268.8436344507	21437.9680896994	20929.1550254572	35659.5606539337	39850.3648954669	956417.096448148	36876.2123399836	27594.1332730843	28257.8587347613	40706.6198028257	18753.627932518	78359.4622697148	18170.218315646	105528.803878879	15501.978202665	24573.2434180518	12027.7388909463	8975.77983444239	10848.1450912105	7463.26411819537	9143.8304990778	5017.27113033105	4493.49255081609	4101.71917962796	301.316925062655	0	36.8527497852245	31064	217990
73	6697.3352950185	8536.40343982104	9690.17215782179	16781.6525086763	84382.4701009168	15728.1063509556	19161.0902648122	33552.1608627775	36407.2959879775	956081.507345232	30515.0158926853	26928.3919852861	27121.8995865548	40374.7304873094	20229.2639966544	81757.820429567	21419.3741167385	126471.585544414	11023.0825726265	26077.1252687438	12538.8361253513	9682.65491418367	10473.1159271815	9094.94510039571	9028.25651047482	4577.35914538476	4975.02519026315	1901.60926369951	459.389704144454	0	30.5636097165833	31401	237092
74	6641.775843361	8831.04316977356	7846.3238855349	27228.4588770984	73423.174811885	19443.0379854333	19678.3765466991	35898.0834635452	36827.7929817698	1015095.92129134	39022.5641763561	32458.349675265	27936.7588864692	32968.9788086073	19346.082429669	82109.4421036908	15604.4779974275	122932.97897134	13893.4359021343	33953.4017041767	13796.5391370662	9890.51390019717	9777.69600955676	6586.45990953209	7256.69685586159	5762.7850216554	5140.80361994332	2459.34855041629	266.610308848308	0	34.5145213370254	31915	238397
75	6709.19136883408	8795.92606127068	9381.99213086715	17602.5502260698	87257.4978578188	17461.7664727574	20373.139438733	32664.3058387176	31891.9249429391	986700.253454942	31832.1421863113	28959.1058885083	24895.8120271442	39915.7407042872	17319.4462534563	79674.128510951	15757.8477441352	135275.291444669	13634.7062306721	34752.2697029014	15672.2432930264	11492.4596084366	10918.4552333829	7597.62000226904	6893.3715936081	5614.96037269586	4579.49014941796	2941.77608342212	235.015447358871	0	30.0578351523819	30971	226696
76	6214.82244724803	8006.0651081964	9117.43750956714	20547.5038560741	75042.8485864698	15273.1817863752	18870.0868420167	35213.6610367916	34501.1836194355	967940.262070353	32719.7339713246	29454.9007516572	27630.5849347386	37070.3699171138	21118.3450854092	86961.0303929676	12868.5285109694	128415.15693701	11082.1370046023	13540.9856559293	13818.0680259584	8867.43097522759	11382.9266340555	5812.91165588992	6867.45654767011	5250.69544953367	6346.92434431682	2778.81303606826	235.836288957293	0	30.5214874733513	31529	245155
77	7059.30609475494	7899.06243993281	8712.83615153777	21955.9126707719	76835.563223596	21480.4695124153	18699.4217398395	37608.3565776764	38977.4338841799	1005831.80569977	35064.5755315079	32012.9991005125	25929.0866640406	36653.8741269898	18494.0946489898	78994.8856041983	18247.0037470673	126492.814898618	13428.803896588	21609.5511201665	13113.3802263868	8425.47285202636	10214.5656604683	7942.5830019013	7697.69036256437	3979.7070960651	4321.62551175773	3851.68392039348	287.637527840194	0	33.3053442041307	31211	239799
78	6837.80488245406	9562.03048998238	8415.04764283951	18666.6006543437	82300.5006367803	17549.3321280104	21435.8554397707	32278.3880146144	31325.3524820386	917115.742231907	31179.0251426405	28653.8349949439	25639.5667440123	38851.4431409243	21644.86293561	72922.1636564759	17812.8696384976	129291.986202625	16871.8782356328	22329.0421438788	12847.3400261774	8678.10390669263	9101.94756628843	6637.95913452337	7023.12705841542	5235.58086870738	4543.29655915601	3274.62562113031	342.530526246268	0	29.9374192499683	31260	237523
79	6210.24707746087	7970.51119776902	10272.6021527948	19552.0258700165	72266.1791450594	17346.1388819799	22914.366931515	34648.4142552426	31410.3989988329	945305.253176035	39080.7798237715	24881.8568070078	26048.61994198	35915.8399323269	19814.7890730336	76216.6956384234	16461.9868135068	128830.460930966	15434.4977972356	20463.0779654812	13149.366008882	11096.7581459421	11885.3972149643	7546.69619039975	7283.26980918788	5320.15101295252	8269.38665257819	7059.10045462869	263.52394850571	0	31.382387192222	31538	238897
80	6267.87279035865	8477.57703683268	11939.8121501021	17999.5294571397	74941.1897274687	20468.9787146641	22349.4340374729	37535.2401572153	36983.7367316216	957418.169959913	31670.1441335112	33846.4286987241	25170.4490606225	42239.388066663	21956.8685493294	78966.6570217331	15153.9663762671	123684.926122146	15067.2323911991	19191.1561135991	13224.6412782466	10170.1529879569	10026.3595549448	6668.24441780881	8919.85526320891	6247.6254254734	6069.0288579489	3817.71495292309	228.197221753734	0	32.3613219188443	31684	239993
81	6704.9083759499	7923.95904679993	13122.5767863775	24623.5769354885	82673.1982199062	22911.1085049427	21715.0502157011	36167.9517631057	31653.6004596122	945062.755695842	31212.6063376668	24753.8021350288	27564.6319410733	34883.0854551957	21914.5931828221	78201.7772406766	18971.7904802289	123433.874284009	14884.9874339822	23123.4321596804	14738.2977009782	9200.55196958162	10251.2123962866	6833.47341044532	8472.16309912825	5162.65325978535	5468.4307085403	5061.61552311357	258.440812795105	0	31.8504900093143	31771	234915
82	6479.57363193399	8791.09379705327	11707.2849285004	23377.6121561343	78961.3640959006	16987.1880569332	19667.5501359755	38044.4864336223	34540.4618128115	900115.258645797	35595.5627323134	26964.3563027057	22809.8060576599	47591.4733760225	25215.5585755647	72959.5972833196	15441.6743116033	111629.465954502	16296.1556457954	24566.2266345336	14996.9024109692	11060.8926085928	8791.61741300609	8633.28083729231	7756.43388650858	5344.90754568681	7015.69891356159	4324.76932819584	228.905907678524	0	32.7994035201365	31412	241436
83	6596.81944651145	8507.52989314087	8948.41517600437	16889.4878060627	82591.9805662296	15453.0797250125	19227.8910992766	29964.5589091753	30933.6250240333	875684.050671816	39549.7719467709	30464.171558754	22006.5798157425	36031.4542490394	17202.9437266081	71438.4883347977	18597.5987984314	112393.993026008	20640.4789184704	24221.4929929698	13054.8264527841	8504.57793037064	10147.0660869771	8011.35152342638	8735.52854424202	4109.23410146809	6012.2891502789	3297.50662840205	214.732380253344	0	31.3661750032227	31159	233775
84	6837.71274686747	8486.55675437345	11055.0732675515	17437.5089463455	93370.8038359402	21291.5609640291	20328.1285235639	42129.1714550046	36787.0684365857	932137.194931805	42505.7878614033	29495.6115957671	26662.6994233658	38053.1873380549	25629.4148890901	75029.7552063616	16001.793566865	116704.891669132	14250.2382387627	21553.9106258585	14219.8226718273	11047.6980755448	9547.52005593063	7277.92157504381	8102.43440993973	4563.00022119263	6061.41448045917	2314.59898017151	273.127193583568	0	31.1665879548748	30857	230588
85	6506.20676546387	7774.31377084574	9060.03386159281	20684.717376061	82954.2463829154	19896.1496465741	21912.3181725089	38405.4487230664	35570.8812028454	994613.662857599	30567.363117196	30380.1539339328	35875.4045485594	37317.9023328308	21025.0781998868	82558.9538218972	20862.6137868862	116859.43118985	18491.1615735004	25040.1744451643	13393.9863626087	13372.8820648462	11143.3225323231	7486.25164370599	7088.8477443879	5215.79793987811	7262.84605729573	2699.31309933507	174.035129194192	0	34.2525410743959	31662	231690
86	6849.3881649712	7902.31338813616	10255.2223991508	20563.4706155593	77064.4415961359	24334.4888115674	20062.5581498056	37298.0829745112	31351.3771110079	983438.077144274	42035.5513417064	26482.0844256972	24196.4443901657	43098.0497098604	17665.7323075246	83570.6683936471	20087.7847466222	119487.436212317	16338.3333999485	28208.1512984854	14569.6206833269	9873.98519707844	10494.2662423979	7175.93355162467	8639.49476855681	5256.15782832166	4427.12484397254	4254.95048858563	336.308724061166	0	33.5611169554167	31087	233931
87	6530.29311767682	8113.78961925582	7727.35371154205	23323.8250218014	80439.6832974131	18091.7043092297	18014.7099625099	31886.7444663348	37184.0760230204	987164.37978562	34956.5622753557	32621.2976725643	23970.8416052068	41616.6427443879	19984.9829443655	74622.7689840178	18524.5755437456	122238.346552361	16021.7574591784	24450.5952501505	13839.9297268973	9348.3202340003	11142.574695126	9211.1856637352	8506.39004683294	6561.27720687435	5070.16393569508	4472.87999827478	190.639682388272	0	33.5394302068766	31151	231820
88	6634.52062823865	8456.89855346267	8172.62155800747	21825.5009765649	89385.9631975647	15296.086162926	18530.2014170506	35193.2296334686	32046.4470873372	971922.985861098	53747.587187762	26209.0175689713	25834.6384939535	45439.0871897005	20938.6017649318	83112.1880948815	13956.6171635637	132242.70746322	12379.5625433716	16593.7346304087	13364.8835523128	9638.08682216157	12160.0636750021	8811.09630075236	8317.10622966877	4842.95605514178	4775.99352547579	3083.25993405615	253.421735351395	0	28.9399332152332	31045	224980
89	6676.90337986869	8345.57767049579	10949.0717304022	20543.7765079374	78441.1099509024	17385.20253565	21758.0033537782	41249.1969850869	32528.8222038345	983603.045455654	38473.8870586648	27877.7610119856	26738.0022901872	38505.1196338765	18911.331164956	69788.6845328499	20023.1694544019	123745.385884232	14281.186678309	25001.8105557407	11862.3337764463	11917.3820852229	11152.5927132313	9082.46832974641	7907.07875513177	5026.10268551936	6297.85306864592	3539.1299405958	321.219928823234	0	33.8847523156004	31154	237223
90	6604.32487418799	8301.96237731601	7586.39896174173	19149.562093195	86370.219835163	18311.5294404011	21957.2432892507	36651.2167797003	35109.7499487754	973478.691472739	33879.1735050816	33880.6605208142	26757.0229057309	39057.0337031623	27082.4537033538	75650.8648736171	17292.398224699	114641.114102827	14012.5677868534	21747.0917767795	12818.9250284235	10750.8367291075	9960.75008625142	8131.26854841326	8680.07013885163	6632.26174367194	3895.17470342672	4513.30858389261	287.31831719201	0	33.8215256610224	31485	240597
91	6831.4833541542	7728.54267277717	10937.3733631184	21189.0058217032	82457.8034115201	20082.8874146187	21327.8194626221	37029.020802031	32335.1483752556	948183.301499912	30330.1530171915	29385.9591597617	25907.7848762716	38904.9086088329	22977.9952319867	82161.7364022948	17446.271128348	143893.726557933	16638.5658149974	21995.9284245729	14175.1213040959	10157.2581742476	10104.8709738129	6435.86306417872	7764.06196890119	6967.88056912462	6831.83742792859	2303.54046832164	386.867346091601	0	28.0192778038308	31360	234812
92	5858.14963275859	7903.75523699145	8181.66022712216	21365.6237782085	78525.0213106594	21694.814540175	23966.9378756348	39429.1325568754	35517.4305471032	1039119.76827014	31804.2850142271	27226.6923939178	21725.3075139013	34022.0287641574	17011.6306321475	88215.4464243272	23983.8394558054	125481.807723806	13952.3163657926	21779.4802375603	13598.0383482463	9690.6971886747	13341.0305231753	6893.74688620631	7827.78235634812	7216.68748342231	9891.71979728171	5086.12381748636	309.736822257618	0	33.5845155616009	31157	222650
93	5991.9962319954	8513.5877096476	10047.1230906808	17349.2448279936	89117.7932261273	16405.9884187173	18068.3803396948	32229.4743155347	30522.4375682324	901637.175945679	32775.1274376532	31475.4851002939	31586.601186542	42594.5360079262	24729.1541318242	74233.5445368098	20317.5597176371	132810.550664539	11602.0308540029	23761.037246443	14259.0009819189	13830.1995354028	9641.95976033428	7676.42086244238	7799.58143578848	6355.92436388615	5585.6946278149	2839.68024462189	254.555069734648	0	27.9832512943604	31851	241462
94	6889.39797483357	8412.46798829091	11115.1210074266	23708.863454454	86913.14622	20996.3759684037	21442.9390682453	33156.1032727107	33426.9234746618	977634.87598642	32673.0693126228	30231.4788596677	30025.5375725947	36420.9680206601	24367.9040722197	73023.3930932159	12924.1676374284	121323.696718444	15148.8463731329	26440.5946677329	14022.7152101593	9991.90721782862	11155.7670714992	8187.71097926001	8767.81690287095	6970.32778585374	5181.64883572646	3485.0823443618	340.530155037174	0	33.2680752769093	31634	248820
95	7190.9754025057	8183.24442776015	11673.617472577	21821.2207898662	79158.7907425214	27407.6548199181	20963.5779127947	36599.2048131588	31269.9537914698	967199.043047941	44452.2124627503	31412.5189644558	25218.7767424858	32415.8668388249	16586.8695778204	70205.5933541591	17476.694353696	107521.802302006	16299.0102054111	19769.4685239671	14032.3607290994	9320.17619445785	11606.2196335855	7820.25945380895	7698.14876278672	7861.52067037723	4108.55178034883	4719.00346396039	215.919976216659	0	36.7478760449782	31963	246210
96	7115.66588457331	8119.1992094863	8515.78334841437	19731.7861437407	88128.5752801149	19234.3938272052	18434.8929840798	39020.9629103836	36810.1131379982	1021151.72926459	28098.9322471189	28682.7265994904	26555.5834065989	29567.1271908276	19917.178393595	69464.7663765058	16040.4885720075	122191.634173581	14568.7001616069	25504.0211981445	13695.9425308138	9186.88118578481	10580.4997525257	7472.2466874078	7403.78861951685	5990.95436427081	6004.43442686794	4200.28085188099	261.797013354443	0	34.2782168210946	31143	231363
97	6358.44299072653	8464.8149473035	9997.88458291849	20399.8863626712	82844.0265107572	23673.0897961841	23198.1861077357	37963.9263692671	36166.1217741669	952932.588844476	42349.8209048721	29663.1881854921	27422.9860077216	36473.7687840845	23622.7547858405	76472.0136620218	13101.1166816051	116419.932559188	15684.5307418931	23409.9837906319	14267.5017090499	9944.47157024824	9218.52330055367	7702.24642306393	6235.87160569844	5232.01163124592	5770.18339558199	3188.6474801106	260.80584214538	0	33.2147062846688	31236	235860
98	7001.80457454397	8299.17482191192	8280.39457727653	20519.7606449325	69591.6678088317	19424.1096614361	20370.0330013164	36840.8813825521	34548.5171456106	985599.384132662	37073.7987320875	29152.0282870733	23778.0267252951	40399.5109990423	18895.3609273231	67729.3355718224	18264.2653857991	118431.238768136	14781.2259743638	21054.914541819	13129.5851849801	10153.7685816913	11703.475083164	7290.50054378883	7973.57768331095	4914.24939989182	6306.6156243418	1576.96469033072	143.760573711638	0	36.0150017148215	31208	237778
99	6175.06998932557	7205.27626959118	9932.55504653404	24779.7055692494	86041.8953253368	13815.3437411879	20388.4465888368	32669.3166429834	32729.4841562091	893347.926304665	37442.8291158393	26956.335530988	24092.9618662072	39164.8124254195	20946.3474347394	68299.9410671293	20368.9632908636	111979.607301697	16101.3602316686	26660.5348558897	13533.9250144809	11585.438170568	9487.91617606351	7024.38416769679	7543.02118918455	7115.01700365331	3739.57900754657	2318.7607696608	330.192975007419	0	32.1441528950567	31086	230387
100	6995.16753824076	9140.94918120605	10372.0128483535	24152.4518390053	81165.2254291822	15764.1898745891	21687.0641380479	35164.4726703828	31785.6950805695	914451.030668581	43551.2030059645	33763.8348559122	22221.414225311	40997.8849089655	20678.6793347683	74139.7998183149	15699.9854579836	106411.72131107	13323.5979086093	29296.5241561431	13249.2420155774	9606.51800953159	9519.29609742667	7821.46288633344	7984.54634518087	6390.21125397357	2726.83827222441	4153.40360767585	243.823311033622	0	33.930496101473	31770	235779

Average (AVG) ping-pong signature and standard deviation (DEV) per [nt] 5' overlap (last 3 columns refer to avg. ppZScore, avg. ppSequeces and avg. ppReads incl. standard deviation).
	1	2	3	4	5	6	7	8	9	10	11	12	13	14	15	16	17	18	19	20	21	22	23	24	25	26	27	28	29	30	ppZScore	ppSequences	ppReads
AVG	6772.90558734616	8340.11286833236	9506.04720080904	21059.4850157269	80046.0004127865	19552.6935002083	20415.2770500114	35988.3220110809	34008.9869721093	958670.936955792	36491.0958952225	29453.9007251525	25850.0212140657	38519.4442339738	20892.2804711319	76872.79529607	17263.9942100403	122983.54812636	15366.1606298041	23708.1469139468	13767.3518421341	10364.6686579864	10556.2688601558	8068.86411628644	7841.14868186743	5860.03192046869	5631.52809223289	3553.47458653852	271.47844457679	0	32.3080640396887	31502.45	236471.39
DEV	363.427188190073	550.705126086895	1302.64830183005	2689.77787396793	4900.77927365934	2862.59311913462	1533.3797801994	3270.3121423226	2401.11603636791	41751.3194030714	5806.0204678406	2155.31299325567	2685.37212876068	3658.85279492962	2430.99480645107	6159.16499745233	2299.30356167888	9049.89845325484	1946.88031861737	4013.40946133499	905.984098914396	1072.01676421958	948.266879052569	1355.2011213012	695.886460716495	1038.11601373935	1266.45104883216	1077.07049767003	63.8837424817269	0	2.25204899779656	295.611040896648	7262.84434074557


# # # # # # # # # # # # # # # # # # # # # # # # # # # # # #

