Ping-pong signatures for 100 pseudo-replicate datasets (1000000 reads each) based on POR-79_preproc.map (4745025 reads)
	1	2	3	4	5	6	7	8	9	10	11	12	13	14	15	16	17	18	19	20	21	22	23	24	25	26	27	28	29	30	ppZScore	ppSequences	ppReads
1	4415.30179555	4056.66819669836	4634.73616620695	3179.80742882506	10354.9187988538	9827.6263970797	12903.3003547554	21610.2977270146	18488.6925600109	520771.279820183	17327.4284310472	15225.5197689987	6806.86927567629	12021.0327716149	11357.5568786634	4406.0268777146	8954.05433669362	4743.24130719914	5234.81097584748	4362.18300294832	4770.81700619964	2654.152075903	2794.33105216409	2435.61456189165	3578.80805585995	1311.31687073694	928.713761098504	203.329684558709	85.5138196019148	0	93.8850010087056	18532	121162
2	3336.16355428162	5516.86969288522	4867.22254565402	2559.65077686208	11133.4614300464	12736.9623790032	10991.9711654733	18228.79263508	19158.0309938302	541932.087064967	22685.9394524366	14679.2078425515	6473.54765914521	12885.4465652872	16116.3908360466	4389.87433311533	9142.83514252347	3927.07714104775	5167.99735254746	5800.39162668876	4252.85030196309	3128.5455433109	2899.48340678809	1983.00854134165	4112.63110609262	1331.37059213371	820.573063426601	154.257372457753	46.5566719398469	0	90.3489727610269	18191	120882
3	4311.93050387989	6327.05651766654	7110.00089206142	2624.82953078699	9563.74086553502	12081.6380586897	10490.6732488514	18066.5550019359	18670.8133347737	475117.71171905	17104.4718179223	12961.2584126171	6778.10719979693	13825.9779523099	9737.32303399202	3513.35417609472	8654.15884127366	4382.43967286834	5298.55502228852	3185.26101480844	5564.4169579826	2679.14026202547	2230.49812833893	2939.02612873781	3357.3135553567	1367.818198807	817.84783550852	243.379168175103	46.7937196465422	0	93.7203339773416	18090	113284
4	3922.32109300413	3986.73366354614	4532.02764804576	3303.94328280956	12100.5381341369	12905.7170939002	12445.397239668	23389.3751606115	17534.5709532696	600627.790619741	21175.7373909373	11769.7188080268	6469.66409578307	14361.4581746003	11069.6041694997	4124.61780008016	9434.41167966151	4839.86949441109	4955.6078933408	6527.3295170881	4976.85689783726	2466.16304295082	2495.56231108892	2567.48844851311	2875.98895926378	1062.65500319929	1169.79267093962	594.839073747988	106.106246947497	0	100.049748056112	18396	123604
5	3408.83465820232	6463.68992728573	6770.39649941946	2927.76044399631	11313.4764636395	13485.1183392723	11409.5335413348	26014.2103983378	18292.2764731494	500964.567214262	25323.2365085116	12660.2699988605	6521.75840038076	14281.7511642211	16345.6046828197	4239.04719735958	9112.22402510014	4872.62231490118	5556.63296848898	5019.09911947103	4512.01485038603	2555.57333302902	2685.31245969568	2437.05079473295	2921.09806673732	1507.96048763784	861.488543100378	296.086927543373	41.9627826976886	0	72.6749836839283	18098	121020
6	3818.78851901741	3408.53511812504	9731.34236481988	3031.4569802755	11674.0099260866	11727.4809600602	10248.3802613005	21258.2523723746	20773.0407051959	543201.464136825	18374.8784911742	14101.9140624798	7168.65877536956	15514.7818286895	16282.9702219564	4681.38550656506	8840.20981620932	4369.95479895219	5065.50842731971	4730.68327931992	4908.18372384826	2938.22893021172	3867.27985562547	2331.59418708657	3044.32558677477	1028.59798921701	1097.08567378349	625.130541528893	41.5809115401844	0	90.6976538756318	18286	127200
7	3624.36506368505	3998.89656844964	2417.7101337066	2134.74708328568	12413.3122481563	12758.3945530696	10995.9646877654	20183.8414271865	19328.9069124032	555504.034656609	19125.274691757	13115.1795820849	6975.48408469027	12212.6627440104	15273.5710454129	4860.43679913403	9098.79792922133	4262.10313547242	5275.10861250221	5698.70700702174	4278.54039282751	2928.64309798977	2343.07583614058	2476.83997648646	2751.42946021241	1156.84720435945	908.061303412229	293.64616154117	63.1928681900111	0	94.421985896741	18123	120738
8	4072.81346864229	4088.98069127301	9554.16030829767	3058.84448777775	9691.58739062065	12468.0134315392	11827.7755010653	19917.7212195679	17824.2650260967	551748.398808488	21953.5317131075	15786.5875994563	6330.79867222934	12793.3368807433	13900.6412229822	4744.66811718395	12131.1864509159	4157.50081107428	5073.43130658167	6340.52840010854	5009.16213900159	2623.46474130674	2619.4906047737	2348.04644020169	2748.85340058966	1113.77426538179	1042.27277134984	200.947040490395	68.1960097768334	0	96.1393878466267	18369	122738
9	4610.87412772542	5890.13775411258	2380.98008231865	2863.48002202389	10603.7610169622	12334.0164891605	11628.5141219689	21695.255831345	18055.550656257	495963.340397591	22736.0060157948	14618.0830109046	6289.03469804914	14579.2251185433	14787.7252420206	4664.66301598257	10696.7575222807	3836.23934793656	4939.71080379267	3354.67399459325	4853.1678830174	2504.02547476706	2237.45824342271	2535.43537819394	3135.08526268291	1141.69699972748	1197.56035705614	308.859819507906	20.0444784580499	0	77.7101559460914	18348	126197
10	2775.19430054827	4425.0169680731	4931.21869285754	2569.95200836342	10317.2084495081	13335.6415067921	11429.3324401679	20973.310849732	17572.4654040595	500991.01167794	21149.0862334322	12132.6186757968	7806.27379913895	13528.6288745827	10437.3001822007	4476.84916020329	9784.90880548631	3766.43857293457	5171.032925162	3577.39697449463	4608.56172613804	2189.3949372774	3136.33987535338	2384.42454777267	2837.46721256567	1473.06998391169	970.357110219576	624.376448492399	52.449880952381	0	85.3304426436512	18370	125755
11	4864.88485582217	5169.47278457004	5175.05115882546	2755.46996578879	7877.69327933656	10926.8419959039	11259.0538359667	17141.1329817469	17098.8298188289	509827.512532659	24193.2465220212	13035.807343214	8610.00895579386	16123.819930489	14819.7498017562	5295.22778354038	11517.8553093921	4536.27566074157	6087.90916537746	5542.99674583305	4753.22492593981	2401.39635726479	2802.14130105516	2245.71544744943	2699.46856999424	997.439023011597	1281.11733576649	610.1139006329	63.4719805194806	0	89.195773909734	18298	121203
12	3846.86802634894	6267.04269354568	2776.75417799255	2891.29035393586	10651.0303847347	11149.090106744	12566.2903543478	20795.2442739827	19921.165367054	544199.874591525	26142.7106007249	11601.8851592755	6999.67098469289	15012.1598468132	13993.418449352	5082.72625237861	9353.17227140817	4741.08212513065	5722.72629389919	6086.57767496858	4739.96325909276	2152.94557261109	2531.49866225689	2604.54449074863	2962.22006758623	1240.23103805863	677.253618625559	212.28615769013	37.9929723739714	0	83.583966832275	18197	121510
13	4115.84005866593	4271.31481831344	7802.11738745053	3873.8540959942	10725.5595047909	12688.5801598864	12228.9923904784	20910.0644383601	19028.2465518408	551231.372543615	21149.9940888836	15195.2631256982	6376.1612941602	13963.6115495281	12136.012089997	4043.12881636652	8661.08265343819	3725.85361430886	5094.06606821908	6033.81081979619	4039.93394700515	2500.61846121623	2420.84815725965	2322.84993932665	3180.07448012229	1286.75090264917	834.456087056508	205.176730609223	59.5036185767637	0	94.4233901336535	18169	127315
14	3828.62222088627	5533.19840825589	4938.2006313136	3146.457104621	10551.6220291334	14003.4539601406	11851.2811173632	20554.5086410806	20619.6871298809	477002.953325935	19689.624679544	17442.3927043201	6314.89464223031	15613.6079261174	14250.8077899744	4364.13913454032	10079.7250735537	3969.96355055237	5133.38320626116	3791.52516862135	5332.56009828609	2818.33135419887	2611.52770993745	2224.8320741244	3043.47201776229	1079.86311081138	946.212760420769	202.184470476626	32.4210217568927	0	76.0435411657503	18323	122438
15	3991.76913352939	4949.3709237552	7172.13562659569	3575.55401203046	10803.4873485568	12852.4853211929	9871.88894182705	21295.6593680525	19935.038843691	517456.662772201	20351.605108669	14458.4158833507	6697.94394036677	12864.9443827179	13012.9676377563	3819.89729876142	9365.94297332336	4523.43306674612	5421.74638735459	4050.51651371647	4572.72026206139	2442.98450374603	2479.23422306767	2661.7453117303	3279.77322169717	1081.50539436596	1084.55173220374	208.566204959693	54.6681327160494	0	88.4100433939776	17903	117990
16	5275.54748829451	5434.21754872126	7224.44474245166	2727.23467353154	10129.1641886692	12914.4946934572	12970.9148167935	21334.2148740808	18852.7757090468	490685.650643267	19258.276900313	13410.397722842	6046.7540219233	13164.488813873	13330.2081935168	4536.45375864225	13045.2857745139	4730.95404933299	4796.30075592456	3791.79242256509	5979.74947052884	2331.80976266204	2501.29713990309	2528.15972566913	3199.37506460451	1318.67872375203	1063.46148403195	176.389572486783	55.7131364924271	0	85.9373966980867	18328	121332
17	4195.2513324283	4294.56750097248	4833.9408483026	3211.90975810047	10914.3156608579	10941.1343546682	11508.6075496881	19999.885131542	21904.0895395293	482909.95902863	24201.2561337741	13504.5357926464	6689.30718300841	19391.0638361023	11547.3160311288	5062.59357264459	11774.162710251	4742.35360115503	5685.16552970441	4830.56559071367	4886.24998286219	2585.36112684481	2497.78441810297	2431.8777070539	2988.62546539298	1384.92638441849	971.429356531179	213.310063174271	65.1888431013432	0	72.9769533095357	18172	119237
18	4082.75891257034	4976.66333733278	7507.778025877	3248.85964262342	11216.0479436347	12671.7456076223	12049.5144670828	19034.3509882809	18670.5849395265	519957.643209199	22333.8487421311	15585.9291536569	7267.73450329734	12889.4589206116	9668.03318968203	5024.80170776475	7903.99282653134	4943.01576221755	5152.78135782366	5288.82876592049	4263.75357234114	2147.19179209791	2563.9401349805	2000.05926045516	3034.62988057849	1175.97887598256	712.821117035264	1101.75970105037	48.175	0	92.2002396830272	18267	119446
19	2928.14950256874	6162.59044288759	2337.90122570736	3071.29603952736	10251.2573323039	10659.9286527327	11173.9724873221	21381.4980276512	18082.1857920613	477443.578965901	18731.8031054165	12680.4974994721	6761.71389530313	15020.4326776846	13960.038665609	4686.45382080033	9108.37321502329	4767.61803985323	5325.71171409426	4966.37583586803	4731.24394775007	2161.82229194297	2625.35485948399	2345.79052358642	3351.19555595472	1278.51386961442	953.735734136082	180.613296339821	62.7423996105447	0	83.031030918776	18084	127759
20	3808.89863634971	4764.14651304537	2448.32849505813	2567.70357979002	11871.417383451	12438.1125402423	10725.7143916852	20696.5161601396	19627.2140289746	546920.123310321	24800.6122523719	12638.9262833441	6401.89063287272	15907.8847798779	11711.731252976	4706.30003409428	10710.0738104539	4262.90676116225	5858.41344109764	5322.89212884162	4865.29103845577	2475.49248824143	2549.49995605872	2663.54472974125	2742.16814026753	1132.79341693459	788.00135371818	160.222026115122	60.3114498916658	0	84.2069786517587	17996	120403
21	4088.60766386193	7532.1874531125	9908.66678414902	2759.6419142597	11273.4752907287	13836.5809795732	13264.3707983522	22021.2236393449	18086.2892155707	506591.380672959	23182.1821471295	16323.3421398382	6178.51858414713	14603.2681009626	17575.0970353037	4431.79062997516	10293.7747226852	4847.3628369092	4948.62320792194	4553.84654919487	5761.0244290606	2060.67335788968	2596.26049754067	3187.40672444778	3021.4468697905	1390.71613009056	829.091796190917	194.471481239711	55.119938271605	0	79.9661250012551	18333	119437
22	4098.92777829324	5409.24744348812	2853.24882468486	2262.78220799192	11464.9753271536	11951.5761257734	10712.4665089399	19577.5557386569	19571.8312194302	550080.529639389	19527.8817869077	13118.6670331224	5929.07571938026	15628.3350959008	11412.4100306106	3949.93547333342	8928.01123279459	4717.17546180381	4986.33937071024	4692.15050475535	5406.24170249542	2457.15251645903	2907.82649118093	2236.51789085496	3147.63036347817	1726.58927767456	867.677223528646	140.212199564003	49.561861348528	0	94.4845218949039	18232	120160
23	3896.44002647959	4749.20758795065	4671.19333993932	2803.92695966327	10909.9781758905	12062.7729055025	12940.527339661	17927.7812932552	17883.338199023	505077.21311448	19151.9844830686	14532.8894542538	6145.19849561353	12546.0563964653	15744.5985392127	5066.63572263756	10063.437408072	4890.94502894977	5072.757379427	5228.01819922066	5038.66926355163	2738.94236230971	2268.73947871594	2357.81842689797	3613.04189844128	1504.11053617209	1232.02538920441	572.491886694477	46.2469915898266	0	92.9752465846284	18131	118003
24	3571.10093519494	4318.31653550752	7055.31694418693	2947.23590838801	8844.35976627113	12899.211721264	11915.4844546121	22609.1080007288	18378.6808361752	505651.095651856	22698.5341025139	12636.982778386	6648.90668638666	15463.7743426746	14398.854007276	4750.69924500473	8507.90251294939	4533.31571030061	5875.70112762328	5978.1547174592	4529.42834149212	2070.08818023731	2652.11363632265	2477.62400847879	2728.08957152704	1104.30288693867	1189.02855737253	288.070352021228	68.8306905460131	0	81.9016757647839	18564	125056
25	4094.20651835142	9252.18116526986	2318.67717624832	2590.01635150214	9674.61949026069	11991.2324975364	10769.7734599488	20461.4865313698	17410.8735311332	475818.541940225	22925.3695322653	12679.406672982	7087.47106127745	15399.6806419138	13182.6199468257	4721.47972929816	8616.04975235068	5034.12605834499	5313.85614215946	4140.55273036931	4786.19769100499	2477.58742977094	2229.64728198622	2450.13206337045	2729.30063787372	1081.52747642662	633.876506147759	167.731293936122	54.3644363552337	0	79.6111225168775	18236	123179
26	3717.35054552147	4714.15005568279	2232.78171184095	3129.70876988874	10388.6524254593	12021.6563144291	15016.0969404423	23273.9805118045	18830.1794919248	479202.633437433	23035.305254753	15364.9904725907	7988.59943803457	17109.7627361333	12783.3487938058	4755.10469483578	9915.12182357072	4666.23845157163	4684.91920560766	3892.52859921757	4964.95475289693	2860.09914850439	2645.03887821829	2845.38202147818	2769.68340581291	1438.96092184222	674.657308888824	648.508969908993	41.0681489031393	0	70.5868560033415	18148	118481
27	3733.28231517999	4595.9934576577	2375.09826301985	2432.23932660558	11939.7502008408	11609.1344513274	11436.82768615	20374.2843082156	21267.5682373663	534829.932450801	18589.7687687261	13860.9576285364	6303.44262155237	14158.0247019138	13444.1354009461	4963.98989129942	9240.58472550298	4337.39467477877	4932.46019018526	5989.00685734376	5504.92792827111	2429.95648183989	2847.19598732713	2992.23287869077	2680.63311703652	1372.63182227007	1072.99102081339	241.548118012973	84.7511616161617	0	89.2811266982402	18117	120166
28	3978.61633007284	5535.83333755207	4957.29949193929	2800.56875481567	14032.5919224481	11593.3436968991	14729.2755347886	21784.1304946152	19609.8341250337	513854.854613498	21294.0358452779	14055.477252432	7385.34842811519	13524.7576523005	12789.8606483308	4317.78641258743	10642.861025271	4389.36188952431	5077.23223285546	4367.71166113979	5277.39108384493	3215.78751319602	2767.32106384483	2396.30518710438	3427.983003054	1251.39181700883	976.989883500175	206.117412320568	55.6170986804628	0	83.2770884278786	18494	122223
29	5094.80247236906	4521.71097287603	2282.61305133359	2095.49978035353	10461.1798987266	13410.0846988537	12857.8406438133	20565.3059610246	22405.0810317625	519347.579099989	20048.8862460357	17503.8903531876	7334.46106345928	13169.0230075055	10636.7692109923	4401.63061681289	8993.64169176045	4921.62714668457	5392.37791916241	5237.10464300088	5041.1783300045	2422.46397597336	2379.21005880977	2863.96649017534	2886.3527782617	1075.24601741697	1203.64566959382	229.493511857646	43.0955230944171	0	81.690881501353	18274	119113
30	3675.08798435909	6409.50969228626	5154.18597545572	2534.999590277	9059.28008185356	12066.1226195614	11827.3249173579	19619.4807579805	19704.0373150163	510380.162451108	22827.3285530777	16148.1207936889	6558.22157851815	14458.6881816418	13767.8972898759	4697.42651958753	9480.1071627742	4594.55471921687	5417.43847993135	3848.93255901386	4571.51829654702	2634.21901842908	2717.50332914671	2576.9524405519	2714.30603882843	1182.51161866338	1196.81290262621	201.23377929598	64.7896316646317	0	82.9076200309008	17993	118697
31	3728.2313854119	8469.20594702922	4865.70425304658	3142.6889195336	11596.3928104154	11593.2881377614	11028.5677266453	21655.438223447	22052.2907432622	515852.498083291	21938.6311454091	16079.754799019	7164.22578319846	15778.5398598468	12672.0318505202	4195.70513481152	9758.64100146703	4547.36339497183	5136.98295189647	3575.70369972718	4904.46921098051	2553.05882497697	2289.22067648635	2653.94149956553	2918.14395184325	1220.74189295162	1132.11736910204	700.672324727454	54.8900679080691	0	80.1963039432283	18362	124902
32	3711.57256924149	4440.33096645034	9685.55565609779	2567.1414558007	10674.3132811669	12292.4949691123	10019.9671005799	18954.4768819227	20949.4759712095	554937.463209716	19233.4242679415	13976.2927360877	6951.3857492176	18406.818059434	11853.8920099369	4773.87403567498	9254.42235814297	5133.48713305986	5655.06187386425	4617.59997638904	5159.77380793394	2786.41674239313	2360.83661331545	2405.51604905965	3164.47694728419	1333.32085119955	629.407752587448	693.517927761222	93.8218406593406	0	95.7583812751087	18410	127292
33	4158.22241344127	5499.76703969546	4654.88058768095	3206.92534541159	10787.6385002054	13160.5174303685	9470.59515808908	21696.8092873799	20143.2817009123	476421.233965005	21641.4120695467	12053.6492876183	6439.84590993733	12972.016969964	12754.7505831921	4377.49186520994	8503.92759664007	4164.27339549227	5297.71668101787	3659.75089184429	4561.91505751573	2540.8438435766	2572.58900783164	2623.85254826162	3144.21004851289	1106.76739109336	973.452194573384	177.495914007258	37.3259313565765	0	78.1717679666308	17983	114013
34	3858.49807604879	4838.1617620007	7576.98848306693	3218.91785764842	10920.1006648519	11137.5195775176	12586.8197261463	20236.8901359735	17789.8236063603	537644.176631416	20867.7782958178	14976.9214463483	7520.43332170645	11764.7351504688	16248.6892384454	4530.69145420113	10977.1265111143	4810.72725964637	5155.46658163122	3920.79257922594	4947.3001178407	2615.82825307671	2500.3319353319	2383.80811801832	3384.59876278638	1377.47212994313	974.572141922227	304.767944183801	42.0552791950114	0	93.9081602441682	18109	118565
35	4288.77553920861	4277.76013782908	7129.96604975294	3123.24012302117	10924.4989701028	13294.2900056071	10010.9620845947	19110.7406986039	18553.4810552854	467702.673326403	18093.7580118553	12986.8251020418	6125.83350106159	12955.9566467985	11400.2029556471	4321.52080761136	9891.09735335816	4804.85918269124	5271.06508437942	4932.51851796927	4941.23013133878	2334.23033923617	3228.29031652961	2617.67402161475	3798.10101113009	1104.89673997132	796.966886434837	222.482406995937	46.782079434902	0	89.9978790123227	17977	119455
36	3204.77656658915	4342.25996006852	2227.19396908916	2209.74814424769	12572.8581049609	11994.2635661066	8771.18715759651	18911.0181137626	20382.3635752203	520227.233628248	21600.2353999899	11459.6052499577	6301.23192161436	11523.7098577162	13039.3230548296	4906.04866563861	13211.2128667797	5031.94999513558	4769.71318135881	5667.77157396726	4993.75184850933	3556.47522570893	3327.2002734484	2470.81951133727	3533.75267449334	1220.64113371995	1018.20561799218	182.917638551941	40.1720767195766	0	86.3573743279077	18372	124070
37	4342.1540619312	5374.92858147568	2535.28183550122	2599.06911022429	11059.2407523344	11813.7002876209	11697.08347145	19368.0658352081	20577.0445120262	535886.23988193	22990.6228920957	13120.001486309	6030.02341281475	13244.205636258	11652.219646109	4358.12006019065	11101.7184105683	3667.22919596599	5142.5733833062	5739.2063083965	4760.72291212195	2915.20558980056	2683.98534471947	2937.33098046365	3255.41041338344	1582.04638029439	1159.0634268101	208.553593858905	27.9253083657929	0	87.1362227830094	17903	118796
38	4130.29631159009	4422.22652336102	2787.55273416521	2772.57475089612	11165.5770318825	11329.9289389864	10145.1825752209	19684.9853473392	20076.4781275729	567215.512595939	22261.7409601728	12686.7636504482	6208.96055905144	14286.2119830613	13415.0013125086	4124.57319209211	10352.1305355415	4534.83574457658	5285.65506114595	3728.40738124414	4685.40601691925	2448.62305317386	2306.32223183417	2111.91212433477	3335.27754714116	1059.16896997128	879.123498374428	284.798217317109	51.2996941946942	0	92.2515735920605	18188	121626
39	4427.92479921304	3303.57082354151	2349.72408526201	3249.89492960647	10428.8637646584	12043.1920398802	11139.9458305498	18830.9867285885	19723.5351254946	524548.51514383	22742.4966223976	16157.7628607689	8469.58893667078	14012.9232161927	13637.5558509525	4548.53307689765	10379.633522566	4055.46877087306	5046.97826756009	4338.48021922854	4124.8317852651	2416.07612986921	2616.82718778661	2874.58289694626	4018.71009507655	1297.74174008639	1151.82678542025	156.135042869404	30.2460561660562	0	84.0728000125529	18159	122551
40	3750.39705174312	4215.98671367004	5163.69890989381	2490.48398627924	12389.3757827069	11724.3130603375	13350.5827360846	21285.1933150238	17821.5531464034	504077.123208607	19989.3332214633	16609.7639335406	6213.62252073704	14250.2946402551	15436.1443814593	4664.16911296081	9950.2579410912	4390.40319180439	5747.44284253526	4610.35195209889	5229.32209148288	2282.03665744349	2945.24898345211	2823.93148464502	3263.21813335579	1586.55037813153	722.622544167083	212.205238525047	73.8871271585558	0	83.0191913286465	18093	125923
41	4513.25905901526	3744.80047517982	2731.35773291979	3448.20444446952	11052.935450741	13181.5802461681	14781.8258158358	23096.5284875206	21273.8484267603	545289.581000439	20568.5988415032	16219.2571196221	7396.15528811534	15597.6171327243	17969.2762457041	4761.24020265097	9349.81434384859	4299.66707243924	5443.74884307694	5953.28289539092	4360.36868076503	2927.01745847026	2464.7180365864	2744.77715691834	2781.27767866857	1243.73133344603	813.625084232698	112.451820385139	30.2538953835037	0	80.6363943246543	18109	119177
42	4370.8704782835	5912.42828298793	7583.53528240983	2970.481501262	10484.5953625753	11747.2813505387	12108.4415282014	22338.2913839222	19055.9964603023	538884.075348038	23894.7684553982	17910.7546384755	8367.11370626099	12714.6585293871	17442.4080832631	5060.89553777223	11928.9265711009	4042.39148440026	5406.32892934963	4566.87899603746	4816.82978674205	2327.46175020686	3251.21091295539	3066.90939336825	2706.48275687258	1328.6308611477	908.769376317868	271.629440057344	32.5540674603175	0	83.2534381460367	18262	119346
43	3331.18864633992	3284.58452092124	12020.7950246419	2560.44136442103	11372.5393173671	12667.2952206961	10765.0829282189	22169.7226902508	18637.7061904815	521912.598130954	20443.3166658283	11496.4886683776	7023.80648178128	14603.1881563948	13455.5356131523	4525.44323550695	11565.4998757105	3659.98152384632	5136.71376023122	6662.20065500297	5115.00864310327	2563.22222637816	2402.33271045279	2669.87283595886	3981.03142890085	1261.93469486174	992.963920623628	184.7135631048	44.8048487354939	0	88.1215597380546	18229	124564
44	3952.54059303294	5636.85731978316	2689.48888668653	3415.38684602655	12309.1169549638	12584.5316028682	11326.5112256851	20015.4214422017	18587.1625967352	512357.222482878	18981.1203846155	12343.9191548126	7340.67461822382	15445.8892899594	10032.3346814657	5140.0124039758	9615.70367737726	4596.92451619079	5422.44838610196	4459.86837035563	4694.23825690552	2455.72326473472	2766.91806706452	2496.8603379199	2980.7978496155	1056.29556001411	857.584488687355	335.454598928389	56.160496031746	0	92.1193267209954	18315	122606
45	4866.776684315	5570.85992342987	4573.60248872153	2428.79114325468	10741.5526241559	10571.788881747	12922.9825189331	18755.5988468889	20957.2704441873	559671.931710885	16928.9590996844	13536.0062214605	7675.8898162581	15057.3516969089	16971.9437800119	5422.70499468604	10387.1734160236	4034.28171455969	5240.61037355379	4755.41431675181	4435.16935647965	2124.88517047414	2625.77746946823	2352.96205107457	3080.94537798144	1157.42498643442	1020.95745564698	320.49309485182	36.809990601397	0	98.9863403688857	18252	126020
46	3150.2554702444	3895.82248001416	2280.07431938522	3559.23363618902	10028.4326863569	11978.6523989963	11034.1813021486	19369.4811315443	21642.4227903142	544888.165420453	21463.6964598422	17606.6315494001	6727.92970650589	15012.3649953587	16778.3640602977	4658.44907933535	10773.0275406236	4820.86526853161	6395.37156891731	4688.98585922578	5548.53775429778	2303.25373665159	2584.89504969558	2630.04834176116	3225.57834263287	1212.46612639838	800.788967327393	320.227326548799	47.1602182539682	0	83.435024023665	18548	127383
47	5273.20863400794	4838.55258142076	2567.53639450782	2663.30020656104	10863.6810691711	11083.1441969356	11778.4112959379	21451.6974749391	17962.9712740686	493957.306541818	18165.9495978698	13419.4210884535	7006.95724444667	12099.0307663542	11578.9653335187	4437.16295136707	9452.67811762021	4141.24871801482	5307.97533093152	4245.44160605158	4653.55796187477	2707.94222259155	2132.05710001354	2464.26866193965	3241.39368198417	1206.83312601094	807.742807729152	315.229960665127	65.4486324846002	0	88.8248324270312	17974	117983
48	4290.47636210327	4608.4403917906	4530.08410790985	2452.74470446543	11505.6488791111	11518.4077687426	12947.1339238101	21591.7043952467	19442.7217226548	536145.357310084	20362.1315572259	11262.2011177005	7037.62502569371	12979.4285668292	18074.1872430927	4324.00356773291	11913.1637984164	3842.71696379664	5148.57920794099	3821.13600164615	5300.07743958999	2153.32725161589	2206.1549421698	2990.6767605984	3713.81656529372	1442.68702136424	988.185392820284	258.717212326755	17.8856721384206	0	85.9042733917806	18234	120384
49	4929.79724029586	6310.11316504229	5191.20090403183	3171.6851272183	10028.324009101	10893.1215961773	11869.985193403	19357.4697887085	21679.1397511185	571698.302556737	22737.4464051619	13872.5301860194	7270.88608733758	14800.8777659155	13086.5288756798	4238.96816149705	9199.96624672431	4717.97337295583	5114.61916347145	6087.77060413099	4783.71521374582	2468.57547590915	2942.82176011453	2632.38141153324	3342.57403470614	1266.87025366845	1314.12235285765	637.492923964009	65.5349529688418	0	95.6691176909252	18477	122895
50	4668.79832066579	4480.82488983924	7225.87840015461	3284.94845376732	9682.42663223897	13577.8438480179	13712.4153763877	21565.937435892	17437.2265833883	559728.756405808	18118.3006630172	10580.9587729758	8010.01701694012	13882.3198513927	12491.0777655003	4522.02876504268	9358.77706657682	4389.92926809027	5219.89262728507	4884.50251640754	5038.71057372128	2821.94699248078	2604.33172381377	3465.2801236532	2781.48505292966	1147.77203448537	922.42742036354	140.788302974696	47.4035440877607	0	104.174165831721	18451	123320
51	4286.23867956768	5570.30593224667	5453.55514397878	3452.50297966156	9388.63689664313	12563.9066877032	10462.4703549983	20056.0837497832	19439.3302057488	561070.768129543	20675.5266335671	12258.4788393733	6708.25327655135	13742.7157225804	12353.2137038368	4020.35092833928	10905.8928294055	4834.75398442376	5088.64966372218	4716.06135390383	3877.94799500994	2762.70429294885	2869.26393242054	2486.00717198263	2661.62464720653	1133.36446082074	582.390286743504	198.202590292402	28.9407251470155	0	100.029673363138	18546	125566
52	4221.31802864019	4707.56402747412	2610.0125449038	2907.73120581607	10201.5281934109	11962.550780343	10474.3199291182	21348.7128057255	19946.7215440083	528692.912499307	18734.020782604	18675.6600639141	7016.23619438751	15593.2608902192	11061.6890514099	4025.01630990938	14419.4174152402	3986.09321941087	4574.80072364532	4836.0345523762	4775.93901368409	2813.60645934461	2573.0516076966	2421.41380973946	3387.4879631894	1074.81508532099	778.838682617779	644.734569505628	17.389265818833	0	83.1903809463679	18066	122403
53	4712.58427499901	3644.59972111751	7220.06947473633	2369.81000793983	9573.42397216815	10689.7892753544	11397.9768723703	19602.5194680306	19534.6092086609	518240.732449663	21630.7393440146	11601.200508701	6701.29836316163	14177.9366601933	13032.9346018858	3743.83527617536	10270.730107279	4578.04191134016	5573.79158918532	6007.36803852549	5027.15913376625	2345.80660554187	2250.32251986571	2517.3008260975	3001.78165613627	1359.77711868908	924.536490561736	647.260564070874	37.5223867701127	0	90.5752254086136	18436	121951
54	4271.54837640438	4327.82897568125	11975.1673926853	2614.3480034156	10275.3018094848	10940.4734267241	11092.4270965675	22010.4314775153	18347.9770528791	548899.308877495	20247.2143155398	13180.2064642829	7135.15711081066	13727.5758848112	10645.9614889741	4669.63865698479	9733.70331497891	4962.90187535659	5785.52173022261	4898.75251223922	5500.32601197238	2725.3421774091	2676.72710733463	2710.38750295149	3240.55766448676	963.082566120697	1197.54315919707	605.318512577268	23.7250246986931	0	97.9717191177338	18136	123909
55	3275.77792672794	4780.11106190074	7090.52578322594	3196.09435669764	12305.5936742577	11004.7052949682	11237.0230249575	23133.6304767777	20820.7805049902	509864.748495239	20485.1852884239	14276.4529776008	7247.0301702728	12179.9531093442	14651.1680915815	4333.40858258099	10111.7084565462	3753.32681544977	4852.62877837266	4680.19766206585	5314.02505541912	3185.90763737577	2838.06796457534	2416.95193864704	3169.58407934661	1381.85207024056	1045.57546337847	178.495039997348	25.8644146825397	0	81.616858643148	18364	119523
56	5034.35466673451	5634.22692642896	2342.6119351954	2289.46931719885	9875.60907743419	11826.4427201176	8925.26565384554	20070.0955127567	19519.3024475576	508194.165957582	23332.3937032446	12272.7872815873	8507.70575897642	14752.2874430901	10619.8401027679	4394.85030512077	9420.35993399508	4660.0512371307	5519.75495746948	3657.65241280133	4700.90862617738	2362.85457433694	2555.62725836519	2311.50664238206	3170.70187678929	1302.05173851741	1075.63921886004	175.979326242039	79.868929516251	0	83.0860503957335	18063	124453
57	4026.87976088064	4484.71813533061	5049.46764932161	3025.96684762609	12246.9016372728	12624.7391805123	10921.2449117732	21954.5854131161	21281.9873724422	512607.637137803	21307.0034708192	12775.2289913476	6223.1844442409	16719.7528497461	11138.5454263506	4485.14265942736	9513.38354119775	4207.15803721758	5427.28401281097	4971.79060554479	5035.25724294221	2706.19666273292	2283.99858985546	2762.84339504747	3542.40922842733	1018.72967461561	722.690170223809	164.46511847115	41.4941896221184	0	81.1438911184573	18152	119455
58	3464.58593497986	5122.33841047856	2616.40072484477	2328.0347529964	12793.0264222314	12818.8477182574	10214.1538107301	20402.2528189674	19196.716504428	509921.665958885	18667.4485060849	13892.1377945401	6444.08927433076	14712.6582100369	10615.4604604815	4080.14463680106	9042.34442222361	4198.76308535456	4199.90728965427	4565.42698091891	4987.38815355747	2427.87964144117	2156.32346949895	2593.31674376235	2895.01026759982	1148.33078428507	985.542877772384	269.001759663323	35.8774828841793	0	86.1783243965191	18354	123388
59	4397.82394267551	5774.22885386244	4761.5720734584	3243.50725590886	10507.5087607575	13286.3944573358	11065.5724865014	22031.565956704	20996.8541029553	542138.127861403	22824.4944881158	14879.235264378	6787.0684229803	12332.3116515794	13654.1412189654	4575.43944374081	9885.61391551578	5135.48393140444	5566.79903141573	4097.38694932373	4803.7376621339	2569.69291810799	2371.7149482124	2345.36431485891	3709.51121901138	1185.39332272432	962.808242154026	194.760377687717	35.5210233576161	0	86.1893592022968	18318	122610
60	3276.7755774054	4217.06705656509	9711.94946003167	3175.14681097222	12592.7049439328	13199.8533900636	9942.84832538403	20453.0019285317	21645.723327225	550394.909308457	21888.2123350932	12343.1203034544	6940.08770683546	14186.9112687612	13715.1608058607	4713.27761964605	9373.6877492199	4626.97472646796	5035.09695668927	7719.43512211012	4370.83749513149	2654.56124802934	2317.91847274561	2269.63356391802	3305.04444151849	1054.08706738119	828.303668305549	222.137717800805	23.5454166666667	0	91.770599708044	17825	118362
61	4264.92567690228	4825.23469418883	6804.59085577695	2914.93323941798	10526.4913530585	12496.1537836099	11589.0911009041	18071.8997220581	19313.030413001	562661.558587898	24056.9563646631	14255.6903845835	7379.26230481678	14174.2480865208	13027.2084716385	4333.54687575412	8453.37822754392	3974.26810333591	4648.84127687157	4482.32971437844	5090.42347492444	2771.6042387592	2682.60809017852	2849.45730456877	3049.53433826986	1155.48908865867	815.65944363937	656.774167964105	49.454998063892	0	93.7704196341006	18571	126128
62	4362.55816129136	9083.17789040912	5006.06229520247	2599.92836385014	10491.181969877	12929.4442648609	10294.3566920373	20849.5615134974	19466.4809821638	524770.770774226	19146.7172933458	13173.6480981742	5939.13858925514	16422.612211339	10344.4798616708	4411.06333487711	12557.5805148541	4635.05380827179	5305.60952586662	5934.20458793928	4872.6093898386	2428.55390496507	3223.52511727712	2771.18670517137	4012.21937014177	1111.40282874033	798.548577116343	181.808060405378	39.6136054421769	0	92.7572582626242	18010	117197
63	3855.91352360681	3746.66638686736	7421.14840499829	2575.71097842046	11695.8314762808	12106.5553177698	12608.825112754	22371.6046314974	19914.9138364167	530494.986224724	22728.7712429246	12986.5093402206	6673.03546305758	13569.593353206	12602.1427742827	4420.27484161951	9441.38624706277	3692.62497851148	4593.19813972744	5251.59092285866	5959.33099790978	2426.32552182918	3364.60413171697	2438.35211793339	3254.89144664924	1549.59476410955	729.45186941071	182.423446409166	19.4142619745846	0	84.0462262716173	18477	117771
64	4147.7725330765	5105.8582951015	7325.38259563684	2551.42891582004	11140.2902653473	12776.9836947572	12589.7888155391	18084.8256527815	17827.6485410414	546528.403280632	18634.4763785433	12836.8298450345	7657.7963571833	14656.785286089	12573.4092431955	4982.84418694339	11444.8251901972	4114.22167774418	5045.38496416932	4809.00000931307	5534.06371737106	2180.13355415948	2511.11417453638	2607.57908636866	3059.30655279808	1175.11220255797	769.946560336652	248.734930321549	45.8171768707483	0	105.363947177458	18072	122774
65	3041.61618088273	3414.67915437026	2919.01359515745	3309.94720437007	10985.8852372373	10571.547675472	12126.1992514383	19775.1753482739	19999.2694215619	518511.492327006	19333.4135491657	12607.0923695085	6065.09976041015	13069.4040014418	14994.7802619453	4805.56441405979	12220.0234138385	4075.83429640242	5156.62767538309	4515.44496371377	5053.92323898397	2549.39634185267	3112.32149787882	2913.43147573304	3338.85365833226	1230.51022906221	892.639502531042	237.989266838479	62.6576737442665	0	87.0194434638033	18190	119124
66	3567.55458324728	3969.12949197619	7414.28378968565	3226.43940840312	10228.3872944622	11287.3709174899	11581.6400876338	21157.7878178835	21952.6538834001	531822.098073883	23674.5563062334	15214.9554278771	6866.64859027712	13721.5688372629	13866.4653809522	4687.87501363772	12391.1994395234	4292.83858547721	5099.58234439102	4739.27040923744	4680.77111188542	2607.83733861496	2408.14192656275	2698.44984922449	3226.47366531913	1753.56776149011	683.047105765439	177.025957236697	41.2214658489658	0	81.9658759769427	18370	124360
67	3843.37090312601	9472.02250907598	4813.10618704709	3220.08772341676	10293.0558804376	11762.1811905184	12101.756734598	21211.3175164575	18856.8712137255	516962.681951259	20228.5437259662	13931.7703226074	6163.60244603078	11599.8695012196	9787.98983320502	3855.54144841681	12477.2073979805	3977.21261374384	5248.19952571128	5994.69322595516	4732.63892370656	2694.20398756817	2359.47388883092	2167.6629769165	3195.97469448499	1020.5597826418	1193.3824188095	653.298770871381	75.7095547706261	0	91.8534861924459	18277	124644
68	3801.02968764423	4504.77598035181	4774.39168372871	2435.90591683941	10674.501794092	11979.4837035501	9558.46657704153	21456.7030601738	20670.9704492654	498183.031482675	19545.4876236768	10832.1224190814	6835.80797888786	12288.4311185655	12469.4606101177	4287.93537489268	8676.62068085078	4251.43063877938	5195.75106393094	6113.83797180118	4631.49988779543	2368.6746432109	3186.04835767965	2348.71999789359	3047.10299212497	1074.29337919582	909.417902578093	165.875438337456	35.1982804232804	0	85.7771073180907	17900	118693
69	3890.25146672153	7472.28945025747	2697.7942079164	2762.26526566306	10399.6986389517	12621.5023335552	12592.1891234625	20811.156606482	19336.5993585168	511943.296767373	17953.5558786833	14037.9293633342	6354.94374116663	14822.992705012	13030.3659939622	5105.52544161357	8762.73040487962	4933.49167576208	5785.72022382231	4803.35469831098	5068.33919016676	2722.62615420276	2874.85852922061	2504.95001624886	2565.08080626678	1154.88502510853	870.276065795967	172.824666496674	31.9641447501546	0	90.2247989744685	18392	122641
70	3011.58503748708	4278.17592121174	4963.6599034201	2676.36640273515	10139.6366563045	12211.2067210184	9264.83192458146	19758.6266475228	17344.6961098772	490840.628599947	22006.3097428613	15537.6104259203	6756.4761495185	13226.3984572623	13449.0011299585	4581.26272065387	11362.938317745	4583.98076437958	5155.33714331914	3852.66045752304	4906.20308338378	2643.18886602189	2810.08835581428	2546.66147359212	2903.33267237939	1512.20347493843	1279.31226720284	213.528075605519	79.2976602022274	0	82.7172022279983	18115	118269
71	4599.47500963895	4285.91268702306	4953.24348005692	3134.6154708644	9231.02208432714	12715.6895739176	11188.9960013222	22895.4915049743	18279.0907987315	505357.124636463	24105.1134297569	13133.4213312402	7085.2517718989	13276.3346961957	11718.829512514	5180.88546389401	8854.06134326569	4572.83856043826	5646.94966338459	4259.98793795891	4492.5250249117	2325.57239275231	2870.74063846532	2151.97718889241	3174.48675845847	1286.4330706452	1057.12547811181	175.959907869338	28.0241848140907	0	80.7326336288287	18352	119160
72	3913.84968007809	4701.05667755864	2200.49990194673	3142.10591618699	12594.3557223395	12721.3996933499	13683.3001093732	20252.3068336739	20307.3714971717	507097.261491837	21829.4629527762	11892.2125502989	6667.0927490799	12417.7371443963	11153.7948678333	5089.87800243053	11395.8146377173	4633.32606011017	4541.74584696886	4406.22448843962	5684.86122604307	2642.84449571783	2784.78773300238	2498.34455994133	3277.91613799131	1099.8432886409	755.001140795799	321.800672351202	41.0991352270077	0	82.5420781800373	18353	118061
73	4767.77585751742	6104.74735325952	4852.74581007096	2997.3184306117	12921.2877455359	12933.9188238241	10097.0100582224	21244.2549863527	20568.1125766778	544838.896087457	24438.0517518703	12742.1763718733	6358.6536036352	13448.5925327992	12036.7882360791	4303.59256855453	11270.9097166394	4187.41529039958	4492.12844818348	4300.96560030525	4369.41811219721	2647.27047117166	2482.78782318469	2438.22818624029	2934.30100369849	1161.9067766843	1074.05441658088	193.799870673728	55.5432954447019	0	85.1828537256648	18229	126195
74	4895.79805142147	4341.62631215001	7179.51150991999	3277.79057770645	10708.7169055057	12871.1576117796	15503.4165147142	18678.0179094872	19828.8048710064	522433.740277668	21611.6718152168	14565.9427609515	6911.62305783687	13121.4765219057	13170.0458611046	4892.77247955837	8716.08466181031	4609.45769127609	5422.39374642842	5580.23098441307	5217.4081062352	2708.77909142131	1878.4572105744	2706.61084001044	3143.89275881555	1155.40262269932	1147.80543956717	264.879563504427	39.9076144001643	0	90.9344165838854	18341	122331
75	2817.72900878188	3862.84093300104	2060.51642543147	2732.72485076374	8962.15344306117	12841.054391181	11985.1562838954	19763.7494680778	20710.8342044657	497591.465177048	20745.3016846901	14145.9707781804	8406.39363968851	13649.9060235035	12613.292176366	4154.20277163751	9402.48106326198	3879.38555382462	4896.92198349051	3901.03542450831	5028.70677957234	2546.19579484774	2479.65737687801	3240.74707013727	3548.76938245729	1222.64915559608	1098.57661905921	631.959082745857	47.9708587476217	0	79.5545298856754	18459	124250
76	3366.69271579114	4758.24741962836	2276.3637573303	3081.48630447399	10009.4461313928	13648.9028453777	9989.97761114849	22659.4718888193	19447.4029166252	521549.768563827	21816.7355886906	15778.1129574473	5886.67985032882	14239.5463522237	14669.4546799275	3886.9658518326	10827.874605782	4987.56763674077	5827.54923494239	3776.937111787	5224.35352220558	2524.36050005685	2651.35858037059	2330.59194776362	3118.31685682744	1306.50462290534	1015.62452879225	579.348553384383	63.6061251643049	0	79.2839755312351	18507	128199
77	3631.7067906709	4558.38205153067	2483.56919302353	3292.89417033798	11236.1338591312	11776.5890947597	12040.1196877235	22536.0781653125	18195.1125907595	532079.650346956	22414.5203518601	14971.2246855253	6298.81037586991	16306.436525967	16655.435174915	4058.67179359125	9778.94352621401	4399.18025197646	5125.96905944981	5947.03517340713	5255.65545607661	2296.43508523368	2417.79312183529	2120.36028540121	3167.2243957352	1247.79235640552	1023.97022410626	216.088063594966	67.0759044654782	0	81.094025202022	18161	121159
78	4610.1732692316	4541.58629496953	4538.87991922996	3087.86695780486	12108.0324271547	13433.1220055893	12260.1842510234	20088.1048329733	20328.5244328078	539608.244069725	18897.0208620363	11839.7898782781	6218.24356354288	14322.3627047884	11124.3547959141	4143.81590915097	10671.116307634	4629.61029740917	4987.76940124927	5907.87548404303	5024.38684143378	2479.35906811676	2774.00033289865	2271.80834380743	3397.91421197352	1360.78978920475	869.039224845668	193.792814722495	70.5106459004702	0	95.2058283144515	18350	124455
79	4512.09670558944	4928.65369971153	2739.17100659206	3313.57584569498	12597.9084851078	10484.6573873959	11936.9070340159	21808.2147798628	18905.7906347697	544889.372690368	19514.3512562613	11912.0255681091	5993.07762365565	13768.6961298223	13864.7773962712	4411.21279026907	9354.33616038064	4438.00744096033	5127.9011332816	4862.02088424048	5385.93974470111	2659.93937860572	2945.0176650166	2893.93199178343	3387.39213104534	1134.63237982086	707.105458198718	166.453507327174	81.9801587301587	0	92.7030802192938	18319	121024
80	4992.64609804722	5185.04846900572	6812.79107621392	2667.47110052914	8483.77875834331	11163.5009886698	14212.4390076807	24364.4524580538	16797.2110368155	531459.563313566	24253.9686251801	13940.2890095583	7240.84028472983	14811.5057775118	11981.7723609157	4381.82728929889	10849.4729223957	4582.06824590695	5407.68432158711	6604.74449237502	5034.63607719269	2336.22930005184	2366.55002623665	2386.00420086309	3176.71837458284	1131.78907521621	733.166527514646	156.95154946617	54.1078174603175	0	84.0671769200456	18225	120910
81	4691.34618331678	5064.66895798013	7290.89748016796	2646.81958335565	10787.4290649659	11289.8699429649	12649.9112682347	19372.0087359647	16277.3862459809	489260.422566959	20003.9287169602	16676.5537042863	5938.99615056305	14550.9475789074	11381.7613664318	4035.79645648236	11048.7931299704	4523.04367675944	5372.77602885258	5295.00597889368	4672.45452077257	2874.54361417587	2460.2914904034	2607.92537526053	2764.6489850869	1074.1714403337	776.570938434361	269.610303902929	67.1761193273035	0	89.5439693652032	18328	126415
82	5099.01443700871	4128.1411911263	5179.96914866698	2516.75331111884	10381.7093652165	13700.8191293684	10499.3218033054	24118.836363097	20910.2184828014	531316.359916891	19086.9628764017	14836.4208464263	7324.3674401153	18990.8060604035	17393.5818483504	4384.47912572171	9838.20784982517	5370.09727763887	5466.70211583038	4495.01595148936	5000.71878962238	2457.52248750877	2411.91566064517	2537.4506159807	3673.14250022272	1249.39558919549	885.372651391119	178.397346026309	31.7321896192432	0	79.5966484918092	18396	121912
83	4444.67696390635	8955.79240431326	2566.16262312109	3059.36039310215	9841.21148256112	10395.5312647806	14102.2513220564	20888.450909021	20095.1459548199	586328.765495171	23806.892610864	14163.0692801112	6482.64268788507	15844.9391719956	11249.02770154	3949.94989214407	10097.971723021	5299.95973638696	5528.77176466016	4102.68169595412	5223.09931710567	2514.1695306859	3556.88779710982	2753.12656216756	3315.47554887653	1211.16315438867	1053.95070307322	273.533266441646	63.4036507936508	0	92.2362785842971	18219	118727
84	3352.93537862917	4331.16779709797	7169.02273458267	2470.69575540352	9478.77254461186	11729.5893870932	14591.7441237882	20175.7434190687	19779.2270670187	482607.734141987	18575.6868502844	13688.2832970426	7752.34513367055	13573.8534245382	12232.3826495515	4772.01950242251	12784.8814103663	4791.44320230557	5664.88559450933	3568.51009922785	5460.2208352101	2913.26428126851	2478.69860246123	2631.60214448793	3532.00219383066	1220.84192038211	860.148725103494	342.713340626269	37.662938265012	0	84.317173263803	18129	117337
85	3230.38279287551	6884.39859679732	4957.4694269807	1873.27680334314	11434.5777585056	12531.8162173096	8708.30104404407	21155.5025426605	19945.4348907235	530048.673361818	23099.4579665767	16896.9946362574	7373.64626510412	14262.3025628806	14639.0911139531	3685.69191354265	9363.97307606582	4540.06538982341	4998.58539743171	5426.49544544654	5090.37188645988	2663.88019488249	2702.50116929724	2757.54414511601	3309.31734925832	1186.2714732244	1391.63450328644	169.197495812773	45.2034314757183	0	82.1341060982617	18179	122830
86	2947.15466112277	6890.99260171689	2477.15969434529	2441.02492004571	9998.59676812999	12964.8244133076	11672.4926199208	23824.4839180651	24256.0648697071	541016.174301203	19778.0767081627	14894.7940227601	6210.29104285338	15279.150907935	20099.6880746247	4449.22455449382	7980.90871640402	4697.35173776055	5068.59894905609	4174.69866904901	4711.15785650255	2632.7183601693	2478.44903745545	2748.52623897484	2878.7350590938	1316.75300375889	1029.75147038601	288.417499031943	62.4282738095238	0	74.6779952330918	18304	125632
87	4462.72309478814	7154.14442026652	4796.40955744276	2294.70221446364	11959.404959001	11409.3411035616	9015.77121079167	22062.9764028499	23259.7295596718	510253.035866559	23493.937773436	14439.5194664667	7168.23511682593	15499.7060494883	15460.7601132433	5355.63671327004	11521.8635092203	4320.11581511894	4995.4778177171	5273.23384525088	4777.36917637161	2455.00216341312	3097.49207132821	2973.68767924378	2851.32925260929	1443.87574488705	678.236205189932	653.115122092359	58.7308948234448	0	76.1982305062013	18287	128042
88	4099.90653977825	4630.95064619999	2878.36729658772	2862.21006108721	11019.2092810597	11961.8693308083	13496.563842134	21409.1178883986	18274.8595106727	490794.569441643	18449.8395779098	13791.4443932501	6343.63537894034	14002.7326360787	11891.2427146908	4620.82838383958	9004.76560439039	4761.20802925206	5987.95918153784	4133.75846853402	4280.67395575433	1996.17276864959	2522.45798520905	2920.90086119144	2983.4049835786	1405.99766617613	978.09229111358	201.633620073716	50.22790424882	0	85.2252808488844	18581	124141
89	2667.08802248974	4116.22083832082	2962.8593799966	2995.31180430951	12015.4208545212	12855.2757207737	11925.9890456271	19055.5008556938	17694.7379818011	498519.754153205	21981.7736637017	13473.6462982056	6773.3407206705	14111.7933681262	13030.8466574799	5019.34020271021	9525.31373670521	4137.64385089524	5316.10066360607	3611.46439565929	4986.11765107248	2314.281294159	2529.06294818844	2482.61529509001	2797.86078671104	1336.85256516704	888.550599419528	725.065061013676	72.3541666666667	0	83.1988478380123	18298	118601
90	4290.70322854061	5453.25696154308	2726.78060626757	2793.70122533765	10459.99792749	11020.7369209026	9258.14276919077	21402.9264659344	20397.1112695487	500880.707393745	22521.0482148863	13716.9550934132	6812.60379532566	13630.9296462486	13128.3696320541	4688.6354432383	9724.71305329475	4536.14127333575	5225.53662568143	3516.64413538475	4780.34697174119	2217.36831731881	2538.58074935176	2377.66562964852	2941.836116169	1179.23576500176	753.953470510767	148.68360977903	54.864933525256	0	79.5854374509319	18286	121344
91	4312.88475169476	3583.83689077651	7500.30105317508	2951.1486050302	10955.1604127085	12716.8573467686	9558.90559980996	20344.1550031485	16967.146295713	563646.817546119	21071.3766945235	11940.0936836995	6236.1499483188	13940.801399391	17820.776652116	5206.80476544424	8638.78515805202	4683.53446883351	5828.97560418275	3787.62899685079	5065.08349444299	2412.23937722766	3156.40023055719	2475.01650885771	3017.76179242591	1350.83535995603	1222.43070694061	266.058367097313	32.6090409095545	0	96.9725972905322	18111	123579
92	3938.38545729966	4014.08700526544	4364.2983507644	2657.6527469466	11754.4534617486	12248.4557473721	12113.0824313342	22649.4817577952	18813.0210330745	555233.693753657	23806.820528914	17349.2994219946	7256.68898125592	13320.8794051479	14457.2480184244	4343.46640729912	9746.03805436581	4848.1980186114	6237.18301329462	4904.2249112869	4945.91523321963	2650.33659254997	3182.40376929593	2670.52188438008	3458.55790255855	1368.34660404387	933.334719281406	164.87010192446	30.3470953777405	0	84.6873897527098	18262	122176
93	3182.11991775519	5293.28831621599	2318.93381262206	2473.63057752604	10925.6235414165	12029.2288976026	11652.4328806375	19877.4851952516	18830.7916164573	524629.473423729	17185.4625878089	15068.4962305639	7076.52724315472	13345.803399957	12022.2406098772	4112.62335888301	10112.695885131	3790.64674553308	4715.21053098312	3444.54067288428	5944.87773782812	2207.05553732202	2711.52407963945	2386.91079140061	2955.16536835807	1056.11727678454	701.941382655713	179.379498039437	64.6881840353844	0	91.3515620303088	18386	123388
94	3649.22394700249	5913.56665547031	7343.85026985922	2960.56293140758	10041.6703250498	11964.6099598451	10137.4426026453	19278.2025950155	21079.3496929358	501424.845761241	15463.4372732496	14751.8434661225	5963.19500915059	14683.1865604433	11360.8651348489	5050.15342384253	12358.0756338789	4875.05505750359	5157.16348004967	4028.92576019331	4708.87188712037	2382.86147780528	2676.19518425474	2243.74481390998	2947.75139800278	1304.30465902332	935.531311349466	1020.01605627804	32.2300120444072	0	92.7805173068451	18044	119115
95	4231.17556278811	4692.62030740925	5386.73090714394	2509.35811532825	10548.1683581785	12658.4970478505	10819.5165432778	22621.4835295519	19290.0876847974	522701.915267183	19852.0206897944	13612.560016748	6346.49595351437	12032.9589950701	15361.0785490068	5230.27211830693	9811.75740829659	4233.69494961556	5193.90682752702	3208.17905975776	4754.77872828656	2342.49761401617	3160.2545521331	2351.48494813692	3089.39648178811	1193.50471033186	848.048087010817	236.351432797101	51.8611691086691	0	86.1160080512009	18199	119919
96	4276.66196386185	3761.53115664694	7364.15157646947	2689.59093479445	12018.5053268587	9645.10003531644	10793.6397370214	20133.6733576563	19425.9604417093	479862.585611509	19112.6430839071	15540.5349209849	8867.5762168877	13583.6411853739	13432.6039289981	4922.1923907622	8813.70728419092	5347.53710647251	5693.39769710593	5449.92465658456	4781.88506146158	2420.35796398459	2791.08664885065	2702.85308607757	2493.82273051938	1194.98531761855	1006.8135972366	606.911454553949	74.3820038491121	0	86.8396574160475	18097	122215
97	4274.44753358853	5307.90662742597	4935.18351352117	3119.49129326969	11611.3510324527	14095.5344188625	9918.15959146086	19498.1294704868	21241.4431998128	558670.682919329	18099.8700970861	14869.4426836239	6893.63212499798	15075.8011792354	16396.1387892898	4066.71956237885	10729.0147782499	3966.8256130542	5783.35087392538	4115.00935321863	5114.85699620958	2918.07714853199	3372.94523619512	2316.45441407526	3035.91856265057	1210.84975096393	1098.43172213147	303.601193384936	60.6501349904576	0	93.5473170924789	18295	118342
98	4304.7050973719	5191.15277346728	5205.42022126829	2812.55736758411	11117.4752875966	12034.7639803192	12161.7815001454	21709.7018895941	18334.6065092513	504531.432268381	22194.3436386727	13761.6086683764	6102.0403249611	13251.6472581449	9389.23713741879	4725.26113580955	8367.62540276945	4828.9493952458	5546.74033055885	8225.17809334367	4974.56701404863	2639.32584453641	2415.21754341192	2656.09022614371	3391.15235640559	1085.72049868299	576.854522701187	282.437446638997	49.6854070484609	0	86.8570518130654	18386	119987
99	3748.73657304465	4828.30070889541	4711.21770941576	3027.79954719015	11272.1710395446	11703.6842915694	10519.4443084711	21949.6669453736	21851.5297786359	526166.905532312	20426.4346611285	12505.0104226363	6922.78518987492	13225.5221651646	16063.2006885874	4239.50895533885	11196.7068398946	4395.82729454926	5594.25488448466	4706.57623669593	4547.05817189656	2295.56061444683	2642.31269735125	2176.40216498704	3610.8889718583	1564.69061632746	689.082493049102	800.850714279333	58.4665476190477	0	84.1123238613035	18085	121554
100	3195.0922585096	3245.63904188682	5037.07146681984	2081.53339618307	9929.52297655691	13627.4002268977	12002.4939194915	20143.1363322565	18791.2473587306	505193.495234126	21813.5285211495	15569.5132492831	6644.04481363157	13898.1372594095	14926.4527903194	4703.62750817263	8923.71993506098	5181.07758231452	5366.75509734438	5750.45387938071	5336.82741764754	2823.61928887381	3292.39966560988	2840.36768875128	3094.26841723824	1319.08239559541	1010.60156574398	214.957819040981	41.1518820861678	0	82.1754293068774	18077	118796

Average (AVG) ping-pong signature and standard deviation (DEV) per [nt] 5' overlap (last 3 columns refer to avg. ppZScore, avg. ppSequeces and avg. ppReads incl. standard deviation).
	1	2	3	4	5	6	7	8	9	10	11	12	13	14	15	16	17	18	19	20	21	22	23	24	25	26	27	28	29	30	ppZScore	ppSequences	ppReads
AVG	4013.93392559549	5093.35754927986	5035.65943930672	2850.5727905397	10855.3304829143	12173.6927806916	11560.5026848323	20827.1382691847	19516.2842922923	522670.739620498	21006.6433464389	13992.2055825729	6845.85555159086	14185.5068623838	13378.235518315	4532.4935520871	10101.5094663061	4482.41401189142	5271.41081496453	4825.57908582599	4926.34203848931	2545.99342160931	2669.68912949139	2556.00065257627	3154.19605178099	1245.5361151929	937.144661078594	321.635705503052	50.3823260739763	0	86.9436663955859	18243.48	121796.16
DEV	583.684525947654	1288.96557705847	2339.06228875176	376.19883551439	1037.3607135148	932.47709635737	1426.89407498189	1544.24328717769	1472.58121119227	26693.8652914122	2142.51667707773	1695.47708029536	655.999379978085	1452.89065090275	2199.38992948934	398.61310050455	1289.68092116698	405.677814074708	375.115479995149	967.179583687206	401.541051289532	265.777802088859	340.611052235899	266.896481194116	330.269600208211	158.554502328788	177.980356858699	207.125027141832	17.3933101264398	0	6.77804097078102	165.43908123536	3091.70341307183


# # # # # # # # # # # # # # # # # # # # # # # # # # # # # #

