Ping-pong signatures for 100 pseudo-replicate datasets (1000000 reads each) based on sRNA-POC-53_preproc.map (3496970 reads)
	1	2	3	4	5	6	7	8	9	10	11	12	13	14	15	16	17	18	19	20	21	22	23	24	25	26	27	28	29	30	ppZScore	ppSequences	ppReads
1	6427.27167031914	12584.0499271148	9079.67626886733	12111.7003970945	9635.68398647988	11071.5027817596	15495.9748339401	17463.2750574299	29852.1982298458	543838.181005462	28017.1025351073	17646.1138186121	23512.2866872147	15749.0112073044	33088.4489929754	279472.059908756	14015.3776851126	47474.04169372	31420.1185820826	26371.6864936143	30915.6271904	8984.92349120567	8417.05291562117	10037.0055004437	2697.22349865226	6079.71085990838	6123.23975504092	2294.4558902426	152.306689901604	0	8.67380699143166	30519	195111
2	4746.17354070375	12152.4481271176	8874.58997918312	12434.8500935725	11316.434195795	11922.6295485622	14148.852678449	20528.649574355	23075.855771908	587576.670972081	25931.5037814976	16567.4185275923	30030.9197919645	14964.0465820307	30031.9363482515	276685.716285119	14444.0481271129	45772.2343794975	31246.969000171	21723.6742242401	31560.9848022528	10208.6867750895	8377.13430712797	7836.14435963417	2948.80956249899	7577.97145641298	6256.07021899152	1753.05781780782	131.086552904837	0	9.5227048105326	30263	180901
3	5171.48717650765	12908.3521829282	8435.21333055992	13752.832515593	10407.7731677547	10835.7514967212	13345.6665897924	16839.0604443383	25452.6723033311	498414.406554889	23387.3441606734	15200.0193892081	30919.8797939411	13627.1402789036	24962.0053360191	277326.403472754	14609.7171819737	45192.7954697321	35880.0112935818	28155.4457843194	31979.9211500918	8731.56181093527	9102.67310690071	8962.50554612056	3376.49967216334	7050.74611686126	5759.02489682642	1978.8647366408	206.247102159034	0	7.96228548399858	30493	187218
4	4964.80546392996	11565.2028168413	8093.90071215205	11344.0510405161	10258.915679186	12218.9446990179	14852.6156806818	16970.4431990054	24910.672562196	499712.954947481	28562.6628035956	16857.8009181235	30969.0098918046	15173.3929343481	31613.9479653506	305047.021287359	13810.6096333767	42679.129281689	34337.754358104	21561.8837500714	30770.4546344578	8588.68958145958	10913.501214524	8660.52815824509	3159.93841928718	5618.56183636137	6700.77934385517	1616.20559976627	142.54402836244	0	7.20984489262894	29700	179973
5	4946.12168490185	12816.8594582035	7445.78738415234	12685.5779320962	11240.1436347559	11778.3567014085	14538.8620930232	20919.936956313	38491.0804559957	562201.436612078	31432.9597832033	16910.0375502495	27348.749094626	16805.3596712051	31133.823210081	268929.146020837	12168.1659046783	47727.7714899411	39788.4119927543	27441.5177778658	36009.5033642653	9336.61096114063	7600.98041419993	7701.45020592064	3336.9242032603	9190.37923042944	8038.49708398314	1422.81834901761	162.687056911875	0	9.34400399026249	30007	184575
6	4295.05358981672	11124.6386000376	6098.74679729771	11170.3137344813	10766.5684518063	10482.1980775626	13351.0873507564	15661.438660539	30061.426159301	569901.517345088	26606.3811727389	17533.7553045498	24010.264971462	14266.0300192918	29843.5082355726	313706.27845629	16791.2722007258	50824.2138321197	26141.9028073043	25404.1313801225	32515.5644957331	8625.21319176479	7571.82540061564	7900.40109801371	3084.81299815572	9303.58510686495	8682.65022432239	1543.29876124973	153.205885473947	0	8.03336634440583	29989	187448
7	4687.73671566507	11890.8808929295	8319.07243553316	11646.5636632821	10289.9086263321	11366.6973915839	14071.8833018077	14928.0846855428	25925.5753004936	568770.31917149	26406.5599202749	18245.7649918645	26741.8794264164	16510.8093047015	26643.3648081393	291435.547678249	14443.7087150851	48947.9570845494	32643.4578266505	22478.5316497337	33382.8196437694	7890.86969112515	6818.27129929535	8814.03951486189	3305.13373343362	9656.73981391575	7844.26044860814	1359.90531575852	121.920987318712	0	8.68611746079204	29975	184752
8	5485.84420326781	13207.6307151445	10101.2905751559	13935.7685174942	10258.4314704257	12738.1845605882	13728.5551547342	18194.2056013344	29901.0260559672	574110.158118535	27700.537813702	19456.5342130843	28367.2612965368	14159.5747154979	27064.7291619497	291623.170367841	13450.8518825759	49747.5204408607	34090.7035674807	24310.6785368755	32298.5725886625	9131.14751501128	8435.66902406611	8923.60417240777	3203.38519949043	8019.60289134706	6213.31993255176	2073.71071077354	158.742587451674	0	8.77845760351237	30066	178516
9	4322.97613221357	11528.5898084198	7821.68414138455	11428.1183632666	12034.2490332466	12639.8927289304	16068.4285041218	20043.6951270352	26020.9583360906	568292.325691151	29012.6218378324	18744.1995289457	31775.7934066011	16129.6829015468	25056.7348795925	298102.037689826	18675.3678349364	48922.4025583258	30773.8597520427	23162.2419458681	33608.4326369654	9387.04245394942	10513.3570965607	9104.37001208544	3070.77957815026	6551.87561487925	8363.18369990308	2688.05151306574	136.474783321908	0	8.48574855534777	30029	187685
10	4557.89683990275	11585.4041101475	8648.32952424122	11574.7604906446	9870.38631953266	11848.6322728267	13726.6809813118	16805.2710858969	23959.9776910348	492432.962117181	23490.9312862732	18900.9804513782	30131.8075083154	14277.2111399139	28286.340825691	299976.52558592	19171.2195309182	44919.8694097001	37106.3816648041	25250.3877982169	36466.036562746	9348.10371133606	8479.24454241806	7837.87403160701	3341.00767906452	8236.24989361685	9183.87782371764	1828.9202577826	138.369487345218	0	7.22579066086302	29161	187178
11	5397.57636062894	10602.5012601817	9054.64286619042	14756.2545835035	10543.965331142	13056.7874600037	14611.6172064075	20817.3365685973	24452.7523123531	554215.580341943	24924.537771461	16344.0880424268	27679.4911701303	16857.2206668507	27623.9332976254	301948.673318718	10282.3240511304	49269.1125428452	31818.1947294876	22228.0036033129	38725.8334147443	8482.66819718267	8243.32671257341	10010.4697554096	3375.79962084613	7589.92376640246	10172.3832488995	1305.68444723381	204.448820384287	0	8.1407116730795	30561	193176
12	4404.00952275325	11060.3973848606	9766.39912862976	11713.1028816129	11398.2413069122	11189.7084094873	13052.2461322902	15151.06379333	22224.4908045991	521078.595681921	27821.9623233009	16043.650912123	25197.3129911256	16002.4779726713	21184.598348127	279994.126561108	10693.4572473468	42606.7062189038	24222.8112401325	21316.0472628471	28534.7366130907	8381.86020652263	9775.80120751817	9027.15696707533	2484.83179357871	8450.27833305836	7028.07141470903	2578.78499666131	145.547298480937	0	8.2706049652413	29714	185561
13	4641.38661616662	11838.6325406085	10059.4396864145	11403.5324843291	9899.60005901716	12411.3490421361	14678.3939159143	15924.0809734201	23584.3719953941	475398.578823056	30000.2544773874	18602.3149160385	27856.9104743628	15095.5739931238	27874.9614773327	278138.307508165	15663.926516421	42047.8832748963	29204.1489307446	21362.7135702527	33748.6714153296	9197.76547356958	8455.0880960504	8611.44522591587	3242.91727057698	6044.91943770461	9869.75716622434	1963.91613053319	207.871962393589	0	7.56215227313729	30030	181713
14	5484.67763590888	13158.5345434025	8857.13249257036	11615.8235478992	9164.49199567584	11223.8657249175	13675.2377203178	21598.3931052215	23157.1516024366	534851.533188117	25790.429408164	17368.8075751517	21931.2011208487	14200.6132114649	25690.1272778332	318238.948439449	12416.8859295373	45139.6317424858	33539.3582017611	24702.3886248196	35413.5549342624	7780.1964323529	8891.73483847915	7392.43063643	3766.98668994798	5800.48750493864	6541.13322567049	1090.57338756675	268.336315705608	0	7.40956748741769	29756	189108
15	4796.13100281114	12532.7757486448	9262.40964823443	15276.2425243147	10645.6334689565	11685.9984316329	13961.1761916523	14501.2647572375	27103.9673415576	478772.105954333	27594.5952511175	16678.256442763	27685.926966359	15269.1963926526	26917.0416279398	302015.477717456	13704.0601411214	53879.417114906	29519.0331177568	21086.8773959376	30020.6016305474	9340.1292084989	7999.25003765751	8037.37070872457	2850.10520512737	5420.44993299207	7943.17832679599	1734.31267762418	125.947858440199	0	6.94603214099949	29739	177622
16	5083.68286707269	13792.3781049693	10476.089475807	12442.5511434165	10055.7852222088	11776.5698616426	14372.7451564013	18036.1891241833	24457.9934842723	536996.331003368	27861.1720885638	17603.1680842935	24656.8327503195	16520.6667500318	32204.1239660234	258127.115713703	13317.6473008752	38017.8819727343	35946.719432885	25262.267153326	35180.3473588983	9587.59908976813	7139.94105340022	8259.18859338274	2689.56717173169	5782.66393703394	4334.67943303726	1498.95944086239	132.240078641431	0	9.34574589926006	29852	174682
17	5772.40450090188	11908.8651845907	8527.16863325416	13111.4871020605	10423.6639248114	10427.5784557471	16377.9887229369	18819.533007803	24481.2994186506	566356.326924707	24961.7874600829	16822.3918924895	26423.9484528443	14320.3239202041	23927.5472842841	311455.893458032	14367.2482263119	46244.9439258912	36325.3998651272	21749.8140577956	39093.7345691208	8474.31919773553	9673.41938545788	7152.6828849346	3246.93657558714	7748.41012743348	11116.4833383448	2061.48824191801	128.367407516323	0	8.06064883254953	30102	193348
18	5143.98517951144	12446.0367997995	10009.3809152959	11185.6353227624	9563.8363497058	10202.0195012252	12663.5194286116	16087.1345013949	25161.9308982506	529215.676742026	28147.0957831545	19125.8567828147	28690.8344793237	14820.4238789976	24615.1779234651	287000.674653787	13942.729553616	44707.8295962396	35637.3025140688	24354.5251766826	32430.6127698	9381.34017336352	7923.60906296259	7890.32120131608	4582.49576670456	7643.08694979708	5984.17280878965	1473.68510048068	208.981783097441	0	8.18333966469303	30111	185412
19	4815.0656319987	13318.3930790769	8935.37865582898	11438.4682974721	10075.2082377166	12063.63329711	15224.0959815684	19857.6908092072	32620.7794305417	563748.681679384	27681.8997127929	18206.7855828129	23822.673299486	17165.7568103902	26439.9835464591	285111.431469161	14208.8027131324	44939.3964350511	34218.4959463811	26074.0237546851	28910.8125208138	9237.56244947927	9071.84027467566	8642.19940136998	2911.85602914517	5656.45936707413	6815.30533683704	2083.19727374541	133.392902744449	0	8.82963539470806	30434	186687
20	4857.58955400951	14997.0034776193	7790.83672277942	13601.3997801256	9337.41163539256	12014.2326088469	13083.8501651264	16680.551240965	26507.8456953615	527137.099243815	27619.8815659906	19018.9444621927	25758.5831505155	14747.618660849	25788.6360636666	344866.658477328	13516.7940707104	42734.023733626	29363.8259468557	24388.017903241	34894.1253320428	8300.87030891231	7219.65524480367	8639.73591149452	3114.88572507964	8860.88837366673	6977.72508276552	1448.67569025513	133.374507467221	0	6.69695492658328	30262	189757
21	4812.07922036625	13244.9584983229	9592.89504223421	12374.5894504452	11197.0066297994	11352.17712796	14258.4735849989	16848.0364453814	24328.0947011755	552961.896610187	23464.3867913112	17011.3845232271	23067.4006088048	14897.8962580017	31911.7348479908	277117.064031595	13278.0171000671	49315.5987392084	32267.5069693184	18795.9582700796	34309.3612940607	9545.25135780423	9642.78440662467	8417.44454264412	3557.39979982897	9255.13078048951	6158.28640572456	1898.75420994838	111.618481976061	0	8.89612571593086	30265	185760
22	4875.85179580884	11771.2069207059	9499.41075306593	11646.0028768258	11407.141116089	11626.5474732174	14884.6176519957	16329.2463274696	30565.2484998606	518613.818409837	28589.555569219	17895.8309134941	35376.7594562983	17272.854909066	26571.1829932299	277038.76314002	12646.6837828681	41651.2162032896	41393.5395680247	29025.9482256051	33743.4875493876	8781.01239466192	7267.19861274239	8218.12793742039	3596.80090733885	7807.72523875992	7058.97496736339	1971.16946902456	177.240485371106	0	8.31839399392721	30173	186589
23	4593.20281929579	12877.6041189965	7329.17300722978	11921.3037737357	11379.7910212805	13347.5551968847	14898.3557987266	19939.5513005719	21695.3653755971	578141.574686522	25070.5630123116	18209.1412342122	27992.8073422114	14261.9908810571	24590.9871238317	323042.405615102	15393.4974780507	54719.8421671467	29869.8715730763	23884.3206842276	35331.1566786475	9513.06619466072	8265.95382164172	9213.1952365877	3382.80391460198	10932.1806514672	5078.7543908536	1787.2689049783	124.540478359619	0	7.91035948632493	29867	183983
24	4941.07515969254	11511.4310895538	8077.30115029023	11144.812667316	9975.37869164692	11907.2878916982	14598.2104618539	17201.0328251042	22535.8630274949	538634.280240929	29679.6780872726	17455.9428254425	27106.4442481348	18240.1765159404	24239.5772060194	297089.464222406	14222.7403943341	42621.126367161	32930.917677258	23444.3826638714	33629.5042749231	8133.715101975	9468.2518816869	7941.7298563366	3370.50775964602	6223.29720979192	6332.13269753335	1409.75609683229	193.20990679797	0	8.04463032932752	29976	182759
25	4667.89197442673	11817.7836567624	8664.01062538344	11773.3573198899	9079.47238505111	12531.8789270796	13663.2468721923	19185.5599645917	36590.9213088846	533507.284548885	27954.6460611834	15993.1020165506	24298.1557400178	14652.0567496685	27669.9169800901	304150.419703882	16091.2438426625	50884.5354664858	32730.395404906	23550.1361541519	35208.4383967319	9061.74883017513	9438.56007488837	8400.74696408308	3553.87921863606	10795.2919309776	6635.24750013334	2782.96620936825	128.939905191712	0	7.74216036827708	29739	183112
26	4374.34300063465	13003.5989986786	9236.63783185812	13495.4798283579	9604.42947407611	9996.89679061772	12852.9582796441	15375.3459344042	25173.1624349693	523847.748199585	24779.8307187468	17324.7197099943	19557.0744618429	16235.7879629773	27227.5404619779	290519.839668333	17172.1557003547	39279.5796423705	37963.7985438745	23091.9059033179	36779.1754694743	9424.12842893971	8622.63745670278	8114.18087282264	3561.3718073328	9053.34689824126	6190.09339344776	1813.69539618234	133.590104415056	0	7.998969169467	30174	199318
27	5302.3631469294	12486.602885511	7655.02291924029	13073.9518225209	8680.44733472809	10127.1397891423	14498.5641072927	18983.6013422847	22814.7953029008	575037.002974475	25698.5821239947	17901.5123812162	24958.8911958452	16233.6223707299	30561.7593255738	275901.214954382	14950.1629864709	43872.301308324	31487.8770764724	21183.1135141032	32545.9483488169	7904.40555308744	7133.01550936765	8206.68951923548	3169.35477024035	6537.16762093431	9068.17395474791	1804.66934100652	318.615803882876	0	9.33450748711139	29931	175232
28	5442.5398666108	13519.8376721397	9868.82217280567	12819.1778359619	10713.7353030146	11309.635696521	14139.2528928898	17632.3045677022	24270.4884866639	514535.674698371	26781.3615973379	17534.1820331789	27388.3554026429	16383.5474707209	26994.5910276706	299488.812013724	15061.468818864	46035.1694567002	33329.719690194	22748.1215234025	31913.9880204661	8393.28410166365	7356.77759116154	8061.3615642411	3666.66187822021	9807.99986063597	7905.91796158788	1876.40819071941	86.3425560320293	0	7.597406643758	30487	200823
29	4700.4238779423	12890.4412479871	8396.17831047309	13013.6520555528	10877.3016868882	12179.9499228065	15045.7449692686	14845.124405104	23247.6299249583	543428.618403929	25454.7096704682	16206.9026096812	25779.3369188846	13023.0226527179	25569.7184092905	253731.721595345	12093.48870724	42953.6602346862	30901.043781966	22215.3247328608	32682.3185327245	8155.26891046462	8428.01179587427	7174.96280411584	3237.66934163452	7947.73034768575	5828.32396146646	1663.62145665887	100.461299168299	0	9.61748389578158	29952	182222
30	5016.88050748221	14532.2443636775	9791.65918072699	10911.2359178666	10193.801485148	12769.881277065	15476.0273081274	18442.1449146946	24788.5080381506	537617.534018985	24636.4997838634	16635.775224817	25642.8468880969	15020.5824960874	28831.6155032205	279312.496426293	14482.9880717904	43989.4695820624	23802.556670868	20578.8556232081	30617.5119070897	8741.64642187853	8822.03301784413	7296.2252219448	3063.65288001007	8318.37184521912	9430.4534172745	1382.72589949721	205.066433617822	0	8.58808054282248	29731	189492
31	5190.5839206913	11822.9509030657	8821.42911447842	11850.9811432616	9275.22729115998	13514.3844594955	14699.9899429425	22454.6502227626	23227.0444880905	548873.997040135	25545.8773024426	16327.7041642246	28136.4724623062	14870.1850572524	34940.0527699219	293698.132627958	14145.3494452931	52995.1304692205	32292.0236835733	22756.683634203	31765.6787147261	8779.20707660856	8354.28737556324	7270.21857966668	3814.28417438319	7390.11416749332	7524.7007294309	2117.31088172705	189.280520584294	0	8.28582725496773	29630	181522
32	5511.22193511717	11884.9752136471	10153.3012713236	12672.3551860996	9802.39407578068	11986.1094877826	15366.4886626756	18293.8562390986	31333.4458767787	524260.993300473	27970.4554614937	15992.158060629	28134.6516561918	17631.3702531088	28121.6148397422	293751.334408619	15312.2994515483	50160.9212813271	34881.9804391916	22249.6371538995	29395.6382259315	7797.02876475413	6523.2263819144	6070.3656232567	2654.72203793197	7144.359646572	5946.35797580126	1181.68337153669	206.195802225191	0	7.90184484236534	29983	193357
33	5093.56533245737	11515.0771037612	8737.72592475779	11237.4045564347	10214.9468970678	13715.4586551284	15069.0428129828	18016.5412272776	25507.0013686712	555555.369683153	28467.2006266657	16982.8850414699	26783.4279587266	14924.2203676926	25891.7672871206	305744.563350882	14781.3999727204	50492.9012854899	36505.0120175597	23033.9112080338	33328.4860409027	8002.15605797856	6918.3315921051	6744.04217873862	3409.51565546068	7756.3969305714	7849.90023891047	1074.09621546033	187.806131063549	0	8.04626587889443	30041	200822
34	5316.09545938769	14295.673869508	8843.69899313809	11360.9070958986	10544.6689312301	11354.7750191821	14548.5881301971	16487.2925058915	26457.4810414219	579651.975548112	24579.4350056696	17483.3092238195	25519.6869448061	15155.1642817445	34024.1489840384	342618.693843203	14837.8369090644	45168.3861264581	39001.3351355139	27027.9240602017	33887.4878386305	8790.1175997683	7267.53605449242	6697.10452191381	3496.76428659106	7342.29229950688	5696.55870073608	1542.53026571034	100.529253752491	0	7.45716627658398	30031	183279
35	4435.70737820263	11758.4685611793	8947.34749468235	11285.2407684039	10306.5323042212	11951.7551713575	14730.5968144828	17330.7077191541	25079.4872576565	578050.851619374	27134.9408036312	17514.5248390582	24957.0779655085	17467.8614046851	30044.2001083835	310625.071570352	14205.6201707614	50096.8073803308	27960.1858810207	26445.1661577849	30357.2257494801	8213.30810041778	7658.74081503804	7548.6360923657	3017.19562988957	8888.21546197242	8432.85624668595	1663.59635233975	120.775993327312	0	8.25688534065717	29767	184973
36	5006.40874888579	13016.2573612175	10578.285445337	10773.0579556138	9735.15292271965	11338.7032872305	14956.0574676447	19160.4914067489	23998.1473063087	570114.039246712	28608.4344087845	18495.2833052245	29633.4529966222	16308.2108753774	28691.0963159546	335034.503988726	14278.1099104342	43824.027197155	31768.6595148958	23038.3401689097	33733.9882480678	8573.84908072708	9969.088438501	7411.84233938368	3034.39656881165	8515.76346821941	5379.14443028811	1235.93044179886	122.552861197109	0	7.51396419341875	29807	178716
37	4846.96857657138	13745.6240820061	7120.87361444074	14005.037888076	9073.39071497938	12736.6275047987	15740.2059058845	17270.8021329724	24773.4120771929	550322.263826675	27355.1334920355	16632.4162058841	31063.4742815175	18981.1468962084	26606.99011483	299133.593514356	14569.6526281913	42584.5753145598	30853.6225947802	26220.7240175723	35003.5015619908	8468.23186190763	8250.70280490871	8842.29775980798	2929.39525988956	7132.21278548611	8363.10325934339	1352.73518763221	144.004574938526	0	8.17904311951963	29632	180159
38	5890.44341662311	14335.4859167974	9786.42370116039	11238.7088397386	8953.80699598913	12586.0266908204	14529.9151434746	16067.032834182	24343.7310270556	536808.751144041	28948.7406524318	17044.026731952	26978.4475924942	14783.4224739731	29214.1056844054	297821.188805634	14942.2900254819	48900.0107355298	27632.1520637781	21557.8309947553	33901.769951388	9643.33244497156	8849.80451735157	7871.34054949553	3224.21030984205	8623.64148604063	4693.27348044434	1621.62058319109	204.670145751386	0	7.98746769691489	30357	198469
39	6822.13798037416	14063.2337765528	9068.96692620926	12516.151914542	11383.3488357528	11540.2395443792	14071.7086860473	15265.9782201745	29409.4786992667	569113.369834931	26688.4808037895	16283.5464730634	29375.929633137	15378.5725943754	28202.1875118801	297213.450966775	16294.5567224853	46130.8683322527	30042.4355214978	24872.2743178041	31169.2376336763	9226.28526076999	7595.35134218623	8111.75384410691	2805.56517678169	7144.65984867019	7312.54016525143	1395.50349494388	92.737830208251	0	8.53206641787223	29757	184316
40	4653.8434607803	12929.8520470501	9149.24839598295	10767.4072672384	10717.6988054685	12087.6508845594	14332.9386983644	15134.9803778117	25812.6747957266	503915.778819105	28481.4772876941	17804.6899831385	28976.0167791164	13647.3103453054	28614.9458014913	333120.903205171	13897.5252168955	38382.6629921507	35628.6906223388	21413.5085187633	32044.7950534389	8566.5121326132	8198.46930465948	8440.83389269802	3019.76871820156	8313.10747198049	7808.83210598155	1569.54145967209	143.594013621739	0	6.62126865047497	30451	196203
41	5187.02810057643	14860.7157498323	9627.33040471641	12483.6796765742	8788.27577399411	11302.8371880681	12384.6650118724	15586.3334141899	25621.4777797412	597939.656943727	24578.8219142594	17218.6533371681	34529.9353057224	12810.757702741	28188.1992188249	289200.435379485	13027.5927238371	49580.2083997484	28951.5184124244	19806.4364855619	32109.1950176166	9301.5901064672	7549.50458278932	6603.74232598474	3027.18218623256	5677.73996923016	10191.8786238815	1054.74311083408	121.144830392169	0	9.22526864385034	29838	171287
42	5020.2587276895	12301.1762475822	7258.60562619219	12735.8953091936	10685.3639907851	12236.8272631565	14889.6913548416	20510.3594418048	24210.5852648396	602223.825874659	28756.824165007	18136.9697384622	27304.2976378028	16315.9825610025	32655.9862294234	325632.603527928	14043.0382428414	50580.9776572921	27972.605614797	21829.2532178209	29336.2124104331	9270.20745262753	8112.36678260986	7433.12510773203	3352.91970070386	5924.13763089476	9162.15824748863	974.053407251667	178.61029974778	0	8.19993627758591	29654	175940
43	5788.37633396278	15013.6672917413	8397.76116491004	12568.2993082341	10585.6369423767	11516.1537253364	16370.8524403809	19905.0565422698	32190.1388350232	583138.186960982	27976.6536717412	19219.7876695593	28140.5113620045	14026.3561141154	33730.2922924454	292804.310468664	12226.5574671131	48650.4466428591	28698.2938962889	18757.1534227667	32115.4838448567	9546.45590628896	7028.457791155	6983.70739392377	3441.88797798506	9646.49667113387	6227.05953241695	1765.17688392537	180.505451638466	0	8.88388814297951	30281	180339
44	4955.16879670449	11832.8054410526	7427.6406594575	13053.4596967691	11763.3389926096	10448.1088259888	13936.7500699877	14553.4520600061	30955.961504034	506516.665262599	26720.2198610956	15080.4456514826	22526.381089834	15095.3722553264	28649.2494458279	285583.417648869	15522.5003745766	52377.0627360331	30991.2764945193	24862.5204018828	36026.4305724795	9748.08474950817	8928.40938943097	9008.59127904581	3234.28717908024	6330.99919576165	6027.97877959914	1380.82509414091	122.210838400178	0	7.83191218640683	29834	183385
45	5248.40006828043	13933.2123704775	7949.33100234037	15145.9315284258	11830.819237553	12170.7329995188	15983.8422509426	18518.7637766596	25206.7678045713	498949.741250739	24582.0964958758	15949.0032738064	26349.8965474597	14913.3612846612	25117.2557190133	288751.72216749	13098.5091888466	44140.7579084185	31941.4948413242	19869.3864401927	31103.6005219474	8936.83052469834	11051.2778326381	8404.28821527886	3260.21326558015	8350.39404387414	7770.7774802294	2033.88958348644	211.899117231093	0	7.6504911520698	30615	198583
46	4703.33763022876	11616.0688990349	9453.77826663508	14797.219538738	11416.1501520617	11016.5801602674	14813.1624181553	21579.1909212468	29617.6990124224	520396.939823753	24883.7585523279	17320.9534331338	23701.7731027741	15817.353987503	25853.1148230809	311585.563590332	12453.3261915834	45305.8285366712	31204.0051420417	22160.5380785087	35318.8824131602	8296.47867820069	8664.92697327407	7973.67857816418	2973.48809962082	6032.76342063619	7073.92949749856	2006.29337200377	99.5699889729884	0	7.36816160485982	30142	183126
47	5024.66118690707	12679.8364187919	7709.45506659375	13176.9245935609	11442.2742681177	13284.0913293465	15923.9539056897	15154.350364393	32943.8957474969	507148.464302663	26557.0785599819	17374.9845238449	29115.4099788002	17628.5614439372	24892.8577021942	288859.324671664	13733.7350387003	51903.3049885291	42448.5056402118	25057.8396453946	31677.1789389688	7828.73286913988	8373.22801338728	7032.59664500057	3314.00648220027	9467.87429726848	4496.20510860043	1748.54305861892	109.538710598345	0	7.747638951022	29802	186150
48	5393.11123966644	14629.2964187864	8920.08125526613	12699.8213802213	10598.3744708946	12732.9771990229	14061.2878630713	17313.1051156367	25052.2409254872	564849.733778853	28845.6462664697	16881.6801039447	29694.6789402398	16681.5356750949	29424.2558614633	303326.307931851	15440.1333085673	48225.7775784077	35017.678600415	21841.9083310779	34123.2320930225	7953.02608104827	7936.46621707959	8046.50357142892	3013.45185536034	7727.25177967166	12232.1784416956	1674.8782880332	151.266252090242	0	8.27335158572859	29896	184376
49	4506.78505967441	11688.4624281087	9460.92057188715	12097.1224750313	10659.3014606461	12546.7429432697	12037.5829226298	14779.0351520876	31800.4326776263	580175.886276744	21965.8321271164	15512.3861742402	26452.4504845093	13516.8659846915	33615.3717585654	292128.417668507	14898.9883216835	48780.1450754777	35039.438520232	24312.8018890375	33925.6738078188	8710.75917883698	7652.5202630173	7075.05056451433	2962.02046404457	7423.03731605195	6255.9907620059	1951.31898229083	192.029298806952	0	8.83690644811912	29570	184606
50	5037.4891499437	17086.7128213931	9838.98157792133	12686.0067365643	12116.657433721	10505.7474777127	14422.4659296687	19585.1718007568	29506.5722043435	575302.325540965	23873.8254690047	18391.8796521716	29157.9383383047	14792.6621777223	26359.7342412268	311157.134526885	14665.0079318951	49363.6534107972	29563.5277631385	22198.2380934506	32379.0021049227	8398.55676286902	6720.44192015072	10633.0415798564	3268.12982142094	5768.55783488142	6379.46221255769	1636.36225764164	166.440945055951	0	8.21239724871949	29726	184623
51	5401.11763598775	14709.7930649491	9815.70144844869	13305.9986507686	7883.29560114037	11645.2354086754	14203.401126186	16806.7192024484	23711.0779148177	570385.85608664	27298.2316704412	16405.3408477408	21483.4491703971	14295.9814709597	32368.8672107911	302919.272481811	15134.5207563124	41901.0882682502	38609.4640556835	24835.5923399404	32154.5593994985	10108.1791784405	9637.40025068466	9011.55054113699	2994.85933154204	11069.1837014821	5899.78828209163	1444.59783426324	173.315179423778	0	8.37037631299217	29375	174834
52	6506.22369997184	12954.102289668	8377.07663552082	12715.1344080321	10748.5194254249	12074.4826841337	14282.1075474213	16944.0048531218	24251.0857253077	531420.258427748	25530.3114179778	17505.360096971	29229.0817437767	15773.3838876162	31029.4525107609	296007.481689775	13912.6308435434	39723.2621015748	34147.7939018041	20957.7276587344	34041.6423482652	8162.57134473968	7929.53416219771	9316.87869525521	3097.51864296013	8138.47413853183	6846.07746151932	1503.66242100947	92.5823874671897	0	7.96974299994072	29723	177858
53	5857.13836679549	14787.9616352133	8681.98654559811	12116.4109086508	10915.4695732836	13360.9240800581	13142.0441826613	14676.9208030082	23448.7090170878	483338.492490973	23500.2825005115	16499.9011393355	29048.2536240022	15734.0040543549	29848.297225595	274676.749124579	13840.2400363049	45838.7803146347	29744.0977425694	25851.0476522464	34156.7084499901	7910.24842435873	9138.03056438306	8025.74952118895	2662.06212782784	9527.73212154819	6414.13111406832	1536.33202062834	264.806720427284	0	7.7962339383558	30101	193617
54	5218.31121853958	13520.4295559848	8676.23253983934	11356.2635739462	11318.1388310035	12404.9097318155	16419.4484359801	23373.5858017778	35599.8949474524	570165.633059344	27097.6778999732	16489.4644362601	27944.609718648	14975.3305855097	22348.2682419248	308399.075387346	14115.6358293724	42283.0053374574	32146.2439269743	23493.5669668522	34395.5168668655	9457.70150757765	9768.59957282684	8867.50265621652	2976.86188012454	7741.62951637549	5957.27671592211	2449.44434857219	134.024500531759	0	8.21774941149337	29845	181241
55	4944.40708529114	9885.74908314968	9517.79935685004	10896.2058517191	11161.5207708502	10687.8325321114	12735.312273251	17550.4032364531	24904.6552502567	556285.6637204	22874.298033212	16182.9857389011	23512.5738350905	18111.1050633856	30027.3439731097	288236.194799223	11659.6809238245	45205.9776881154	31424.6496171864	24808.0556317393	32058.1097165915	7915.89174424042	8222.18106902377	7988.69300482709	2663.89532998395	6596.23601489303	8175.97869002348	1493.58665523553	211.108178192664	0	8.58823384416497	29716	180345
56	4620.08323914118	12842.7416738828	8286.66484827845	12847.4299240715	10728.3514988835	12883.1513485212	14697.696042727	19483.3797369984	26109.6934388348	562906.386903918	25023.7697619029	16071.6369682923	21655.1234817886	16228.9906616045	27582.7968553367	338286.615555275	14721.1907792425	48675.7357961611	31268.8661908638	20576.054338474	28694.3577354577	9600.95296659111	7997.90085482485	7527.07319419581	2467.88893599245	6222.7744117143	6937.53371459519	1580.76435031095	126.367641920624	0	7.32801707173225	29828	187810
57	4303.19190798645	10840.0944654366	9005.25073981902	12122.1018486326	9630.7596575472	10673.7855999748	13411.7261461632	18218.6160183217	23704.6650336494	548573.666901806	26708.597091706	16745.8254075692	25769.6082711697	19965.2864269561	36809.9970888081	285139.860401307	13246.6300139356	48466.8063274463	29959.4040600668	20594.4199576354	32685.6110265461	9852.82420294957	7985.91920034258	7647.47078608683	3265.35533642766	10657.2780005444	6690.07843432959	1051.84411141997	207.234750471931	0	8.55046408293055	30448	183779
58	4901.11595210018	11794.3708913312	10691.7349378916	10738.1342534453	10364.2804023689	10633.4044365743	13925.7136316136	20694.3286684001	25371.378491284	570621.665804048	28198.0866822591	16472.5776765579	26377.6496880714	13603.841267995	29790.9750400143	299986.63013158	12800.7813945449	42548.579055678	34611.09316036	25273.4781246567	34608.8397711709	10259.6606294389	8266.5979775928	9703.69858110219	2935.62727653214	5944.45661684414	9061.71977684623	1724.1992254874	155.119474590088	0	8.46220745607154	30174	185214
59	5578.6450294205	13328.6517455883	10316.6731875482	12669.5489465205	8607.33219278073	12352.5638949844	14259.2379767552	18854.9892263125	29607.7805946055	577130.640110507	27784.609674219	15228.6624896346	26320.1679053053	13578.0575710761	27015.1024374517	290681.307607337	14019.8535651472	41518.9422683478	31294.8217929476	24688.6385993536	32087.1371894812	8495.5014152927	8427.20193578566	7106.54806566996	3342.13066537247	7074.85604689702	7638.74621486665	2047.31525413149	100.89553375361	0	8.87019390703562	29820	183264
60	5827.70967388721	10051.5359325957	10291.8810531243	12304.2505118516	11599.1609475762	12630.3911091439	17155.118277802	18704.660655856	25553.8574484606	482433.202922597	26752.2397360063	18528.0026108197	30068.9642655615	14446.9563717038	33473.2346320478	295082.781753966	15769.4231944571	46952.4137164594	25277.2753048205	23520.2042186982	34871.2954314008	8210.67738527134	8556.68856514546	10147.2290422017	3563.91197830065	6472.29003211174	6949.21319157137	1007.69942882706	153.119941407611	0	7.20393386615397	30003	196884
61	5171.46230079407	11500.1755311509	7682.2903749065	12652.4655528175	9462.42757038583	11832.6270316887	15276.6678108714	15440.7546634261	24241.8828762199	547055.056589897	27665.2789610217	15687.8993809649	26750.7044426504	14252.0462672468	31161.438200368	312433.082671283	15722.2021284642	49610.739723959	31509.1498590908	20991.7577200545	38800.2917648392	8266.41121505464	7196.31867409379	9176.48578003639	3087.00121211549	5427.51432086562	7707.61090675275	1611.81729603721	234.47190483967	0	7.73050583355889	29511	176381
62	5408.87671615126	11034.6097096097	8483.93452489848	11262.5555435572	9135.59374990596	12807.2543760289	15127.0465555611	19636.2851753594	24397.120551618	514213.857495314	24374.8655410309	16706.5659908329	22118.6891780211	14460.1036760156	22588.9018950629	319498.303939883	12294.4363666499	44505.4019362263	30059.5130336851	23672.8782067806	30879.2175393154	9087.5705494266	7544.04405333213	8863.60718308193	2974.26418057349	8674.83350928397	6678.14225908196	1134.68065238917	129.984484418513	0	7.07539402865896	29635	179846
63	4116.57722677885	11588.8383900037	10774.9586142855	10278.8123742243	9715.65997930921	12514.3635857742	14770.1029399278	19540.4551229044	26087.1044316999	508360.447682766	27433.9205183859	18083.6804684855	27448.3979741953	15921.5950532863	24457.7822631303	281545.4103092	12825.6199496729	46558.5818155414	27397.1198114783	22767.7776370913	24819.4366367194	7854.0625431948	8064.62058808953	7777.15807349844	3184.79426712593	9517.2851773892	6123.84359100226	1465.0549543345	141.002130448898	0	8.00925821852613	29684	184672
64	5400.31755465447	13020.8992594153	8303.31186352316	14229.1532802839	9133.20743274563	11320.7059020385	14187.9561521876	16495.6397286168	22912.6889959983	511997.160611578	25532.4850960965	17332.2805951031	26097.9294860253	14115.472204277	26386.0180598775	289765.074113109	11028.5853809451	50306.2400217416	33831.2753410813	22493.9301541002	31350.9112857789	8694.32748661101	8508.91826176596	8666.70506056101	2810.19538522563	8985.26640621935	7021.81917061029	1073.46512684506	123.364292109778	0	7.80626550039139	29519	178571
65	5338.69271774404	11928.2929464343	9533.2072602817	12609.3750758354	10974.4298500958	11920.1562523845	15060.3292214815	17398.3916864627	31669.9555343508	523294.929530813	27434.9338507179	17007.5072662574	31877.2423269696	14019.8700634065	29812.9031918589	294553.217820709	15335.1922259593	45138.9520101853	27955.2283869313	23857.2625247459	33761.7801220419	8943.23820737925	7563.04504588777	6521.9837457358	3337.16060007307	8179.37815392714	6531.53424972069	2002.72321971197	153.156443725044	0	7.87282523469425	29454	181635
66	4784.40799995146	12774.8695245922	10935.6595786256	11884.6817591677	10340.8527600628	13264.7765446967	13903.915134972	14839.9637152492	23804.1121518458	515507.977124531	27552.7625749446	14982.0373455402	29590.8354705163	16934.1969416705	30666.5560133818	296785.202932119	17832.423189516	53458.4805228348	38732.5131306996	23763.9561190867	33812.7334938987	8191.38146005381	8326.98484586592	6013.06717097243	2593.93040792609	7213.75131978463	10591.2681454983	1801.12436356572	123.348146647402	0	7.66100563867587	29760	172261
67	4912.13630413492	14548.5314828607	10420.9323648642	12752.1112789062	10584.1669314164	13649.2609764654	13460.3775035499	13965.609584032	29295.0213826245	533969.99053797	23218.9093537321	14302.8298521871	25516.7605889502	13675.5766825042	26963.551136157	322053.293876176	12017.9208173318	42744.6764351899	29661.8085530001	22466.7219745538	34931.0368870058	9582.56602206291	8469.2260058567	9368.96416533221	2731.14149745427	9125.32824842071	7976.85255042137	1436.13372271019	251.755373167731	0	7.30713076351125	30051	185733
68	5732.73798693424	11312.7509337519	9158.80625792943	13542.0584631536	10687.4366208144	12571.7187960589	14538.9500817025	18267.0689894164	25674.697771185	622790.671449227	29498.7324779877	17091.5697111653	22939.6851736981	14784.5911588265	22679.6000262078	290714.107414091	11276.9268004427	44421.8618478536	27726.4388061832	19332.6630584881	31106.9801200277	8326.27491476765	7431.44914749075	7583.62764017553	3108.78366771241	6328.35450803476	8654.80404260854	1280.59065107077	129.469130036309	0	9.60364844971341	29689	183983
69	5431.51711066916	13910.8237580197	9812.00502539181	11210.5119674015	11205.393589461	12638.9586359414	14385.7631258982	18149.7512745281	32214.1070401332	536375.284969655	26159.7038650117	16126.2724638612	27947.9567232419	14252.9348613287	28526.8552062454	304395.180101136	15859.9999041511	42715.7587881773	37835.0124932134	25247.1332557201	35467.8440440315	11215.9132049408	8330.78331225575	6974.52025093567	3231.75192263869	8108.81789358937	6072.12468006519	2482.61414087787	135.600516380947	0	7.80461960731945	29695	182831
70	4840.94026866294	11436.1431269913	9124.40050762496	13186.9688569098	9829.76289141479	12458.0493682458	13612.5044524747	17846.7945649153	22549.9935317378	595793.855073354	25550.080957431	18675.5020639419	24275.7742765256	15482.3194026296	26748.6566548473	316571.778929073	15012.4647941326	40571.3144601887	32979.7101221284	20506.7550733304	29002.1800129192	7517.92063437534	8913.77338333119	8755.84879267174	2507.5491914093	6757.804305693	8748.46190005472	1459.75992018521	105.437821382732	0	8.37080949621471	29850	182599
71	4868.85411569487	13402.1531769704	8303.10923782225	12529.6029141674	10670.6432265479	11493.225012346	15801.9532913645	18847.1951359029	22583.3089017305	553175.482466083	24577.025443809	17119.1052773161	24541.711854058	17534.482889889	28915.6643650765	304439.198327731	14605.5099532297	41279.7327667011	31615.4428646363	25680.3659824465	32437.0231005293	8598.04574689821	8072.09856190193	9068.66470065376	3212.81742948232	9978.46994744154	6295.10364496888	1564.43123995127	90.4704448657558	0	8.07289546459146	29675	172820
72	5062.36673395682	13085.6261561234	9754.49012569407	13314.5823420158	8942.23937689663	13218.2384973918	13416.8033043098	18881.6860444446	39963.2434188318	547830.727694776	24912.9100407921	18665.1359596165	23174.6805328024	13664.3014039987	31151.2269713094	300649.617798309	12930.4003536597	45644.2711948655	30798.5353655231	24578.9974038678	28683.5147183436	7566.02913067076	7535.56550021635	6477.30151326695	3230.57860642851	7695.06050310466	6144.32061725487	1615.43951693255	122.266563554528	0	8.07612060383032	29699	172107
73	5854.36653372604	11099.0888093571	9012.77757424615	12968.7565202072	10185.4120216656	11707.8962083971	14948.8715992992	25725.4700234947	24717.6357899834	588305.094011019	27628.754003816	15340.0399065412	33284.6659701891	17047.3303296094	29576.7919342424	322538.321709745	18181.0392683322	46574.5609813877	28860.3824160472	21774.5107497149	32844.1145289588	8539.42300384845	7209.45216785381	8504.95553314834	3477.85794891253	7704.15967246455	6647.50416423883	1594.92183599185	83.2408225101756	0	8.09425496938443	29590	179728
74	6460.48725719361	11014.4372126151	9227.26745944567	12843.525478064	10217.5842448637	11458.3729771025	13893.0625345861	18372.9254135822	24769.1014192224	554781.034507849	23225.2966645145	15834.7056674586	23814.5357715745	13498.3218937213	32747.9046343701	306048.433426316	17700.7490265139	46305.6120356038	28935.1980726384	19578.7611094058	35991.0678806921	7916.39210467694	7028.7586641246	7962.47257931614	2532.2872999141	7144.95549164677	7098.76146627476	1144.90095381405	166.256115403304	0	8.03646122381423	30034	181968
75	5448.39668349449	10634.8371379596	11422.7712250563	12024.9068324799	10924.9392514754	12415.6319298828	13790.0446300258	14638.8664848417	27073.3689744004	539954.633242804	28090.6006487323	16362.8735130141	24833.9210278692	16195.9382294206	27116.2332984773	285895.025716209	14111.5145446271	42297.3753795073	32458.2790416052	20743.3502312889	35344.8087718968	9120.7324963288	8287.70090733875	9132.83491029864	2767.98031196403	8152.60907132898	8071.74333857088	1646.62073848943	113.772314885215	0	8.40975629622435	29565	174515
76	5676.90957736463	11533.6932452194	7188.9683472306	11727.1520444963	8621.45897486394	10157.4864936733	16437.064327237	16968.2350855168	25648.8459514198	560692.387102589	25365.6403862406	17627.1954116064	27767.2113336067	14844.0029728487	23480.3758548179	314135.419140551	12845.5715449054	46103.534491203	30518.661241924	21242.0046392843	33564.4982685875	9950.00563664167	6573.29689715808	7504.0491337803	3489.08658846533	7043.73755341719	6195.07515698783	2655.36994728572	124.055035748541	0	7.89600282279663	29852	184929
77	4636.30007015688	11597.0834243054	10538.8071588102	12866.8313523768	9585.7753052152	10811.8716975173	12840.1067169413	15611.8341222486	23490.9822841746	539330.795871459	26940.6875429984	17112.8891447619	25608.1719202018	15160.1926263305	28186.4379746511	291470.480647561	14451.445214759	40985.4185174555	28350.6503543775	22839.6622389348	28388.4242394125	8321.72149357549	8519.00490944793	10004.6756985808	3268.06928873693	4376.61653963847	6028.08034391285	1675.61228018391	113.766217190404	0	8.22644943235708	29387	165803
78	4274.63679785383	11071.029547244	8381.36696038447	11568.8926006495	10232.7992091768	11575.1529434281	14352.7100950405	15890.9151851251	30518.0670108075	540103.930423992	31229.0048384381	15101.0854137873	25271.4487259008	13985.5951845682	29519.8961515659	301184.667548313	13396.0336094783	53219.4868933729	40262.6873314097	26238.5160294121	34646.1036906706	8587.10593795846	8805.83416366133	7700.63133073745	3192.97184434635	6698.55682631698	8096.35618687217	1827.8919688966	94.9488326367449	0	7.90779798883861	29763	181223
79	5252.93519362273	11596.8395539565	8045.25288189414	13260.7216749177	10589.0488544721	12597.6088907469	14117.2062679663	18784.6079863282	23085.6907516462	614561.266546625	25039.1478470425	17119.9894804772	27224.791489576	16692.6634924444	24954.6010338176	291461.365072346	11898.2860517647	55775.8705975767	30245.868770934	23098.9301597781	32793.9836270291	9877.21421696571	9067.20206225351	8938.73696870674	3027.17328624202	6741.75608310151	6095.80635681945	1119.98348395922	99.4808962746995	0	9.41211050582575	29913	178593
80	5348.08849483113	11966.7555487777	7742.44923495572	10005.9810921441	9047.20997659762	11048.1503135737	13316.1518678101	14492.9398123672	36542.0026185755	555716.632302685	28448.4817055881	15219.2951593773	31760.6143268049	13871.4826280841	24401.5864248807	283982.938946354	14022.3002450836	46089.1710246151	25106.7823923173	24082.8574260829	31904.0389102452	9376.77954486981	8497.16851742476	7233.64430667559	3161.69463646298	7766.53902541923	7062.67181009964	1353.33125994643	119.863803966999	0	8.6986764353081	30048	196190
81	5140.53156018739	14773.2253200498	9164.17791477113	14803.1504072375	10687.5039675932	10944.3842337091	14409.1526659631	18083.812020754	22635.5301365236	560173.20152872	24527.0010743367	17910.1893400213	25675.4076721111	13604.952385212	34674.1586765212	325595.572440391	14483.4767871826	57451.9947378269	31694.5530678048	21563.181965428	37401.2071770114	9641.29636458137	9240.5883867848	7960.74523708326	3349.75098605991	8908.2601372884	6367.06401745157	1778.05807920477	247.878539289147	0	7.57575820734779	29887	184184
82	4411.91074493849	12408.9114606156	10715.5782031218	10777.3593571651	10574.5305368307	12925.5540792781	14362.5726373077	15518.0442377233	23986.8797113978	510921.061611458	24119.0406823989	18096.438050542	31336.9443673084	14027.3950539915	30453.4878880165	298323.624562308	12866.018453261	42706.842102749	28459.0052103222	21076.9853911445	32038.9520177638	7353.97263766137	8211.90072885197	8100.84829963682	3482.46021581375	8099.82592909962	6424.06332537758	1160.9381787676	285.226367151897	0	7.56831431414618	30167	184444
83	5962.88551073716	11219.6603074508	11584.7876489188	11430.8247969836	11443.8424079279	12249.9415065498	14909.0613458301	16832.3560899582	25656.5817478899	585853.623813835	28336.7142865069	17685.458841423	34135.6386810548	15985.6232500982	21439.3013093306	303346.481690148	12885.2796543616	49261.8778416138	31753.3684193111	21471.2386214286	34706.0797585217	8270.75239374297	6663.51272303272	10089.4046654586	3866.45704349064	9948.48091451407	6317.6742357419	2185.14741984049	128.088915759129	0	8.59303930001294	30341	203916
84	4247.32064792659	10816.997115676	7243.36325224066	11762.7004372546	10661.6131663603	12079.7662508282	13293.0233551324	14473.3122753306	23507.989786099	525362.449169167	29772.1553276911	16097.3904706998	23829.2365928509	12845.888155774	28227.0858319425	311487.770874159	15975.9806253497	44221.5567094066	27694.6080442208	23410.3354126389	39741.5392324819	8981.08812867352	8654.6528173018	8797.36415937013	2907.56308447411	11482.1045763546	6663.04082476721	2583.59196984799	115.683139680743	0	7.43414272260728	29970	186155
85	4600.83756462828	11964.6704331602	7680.93976694246	11762.7121312671	10742.6694768731	11550.142718989	13692.8421030246	15659.8287936168	30232.4546640803	583626.242155537	25632.4021900847	18702.9812290923	33610.8988375326	18362.7759091862	27166.1994407895	290863.897368504	14855.2446094938	56450.7935817399	28284.4392075553	18912.501082044	32758.7948333449	9351.30767891677	7788.58549926413	7941.76810700393	2720.43534452088	6446.70803560145	7043.65882571594	2305.84195305866	161.87910874851	0	8.92140953058322	30156	186182
86	4778.43558693966	11454.5688117288	9911.91880100538	13210.1887937072	10085.5641981552	11484.586153781	14120.6904062793	16898.0611585301	29032.3976158416	513631.845153974	24835.3213199011	15587.4003356139	25600.9469216065	14332.8265946023	26744.9769771024	301400.814633669	13500.3358771613	44220.9646287416	38496.2131974638	24273.9834713053	35214.2940780678	8855.95327023581	8450.39346338725	8318.02141484764	2912.26936576838	8409.90142945214	6692.03964085494	1807.68191402501	162.232371723692	0	7.51921398666411	30092	184214
87	6087.33410257263	12069.0633882317	7753.59362627076	11996.0129975478	9366.3615589338	9824.23963144201	13794.5655133437	18398.6774161564	25187.5881363205	571296.452954188	23693.1798326335	17072.534049536	26542.8833615352	14702.0515724831	25568.0836396929	300057.979654433	14137.8871204991	46665.4448109603	25444.6256872798	22779.5944441069	32314.724080867	8671.23672604515	6596.9342806545	10069.8593378074	3637.47066928832	6563.4224929889	9034.6622922734	2051.48685781939	111.665446177462	0	8.46472589518771	30399	180866
88	5923.22665443505	12775.2317000604	8313.75012290388	12627.5287495442	10255.3855370529	12297.4853440415	16924.5036853158	25574.6285990153	25180.6909313698	566542.616361954	23616.281052232	18612.1826797924	26204.1148717041	15723.3392017125	34113.0584499147	293335.79704416	11296.2097197471	43938.2715903885	33488.8062628723	23710.8512876755	31967.4873782429	9174.13712244875	8639.12231899615	7944.73741191283	3353.20525013537	11002.6278974685	4068.71715267742	1496.75134882155	167.236084200367	0	8.61185138075002	30459	190802
89	5026.71766933498	11767.8243496126	7162.50391927932	10924.8448088201	9942.84745151537	10883.6261157128	15598.040831308	20324.1838300292	31779.9595161856	542645.746803081	24470.7887763921	17320.0745824902	29218.5588096919	14757.3213503461	25964.7227455014	291414.869991524	13550.637758553	50250.9580288266	34916.7646094422	22920.8671466104	33840.9915443976	7928.3118586463	7645.63445664843	9654.88072046638	3629.75304927117	5641.47027793363	6827.52559433762	2520.77436895337	131.949324833925	0	8.25374286899873	30074	189472
90	5998.59999676348	12697.127802829	7669.21886557919	13418.0237806399	11808.6028620532	11385.2605954245	15623.9103043884	12985.9705303755	25989.282698286	547251.515731484	27636.099933545	17211.915653798	24420.6653690451	14282.2435789337	25812.5761001892	313178.893337139	14664.2618673813	46742.3928929132	34247.2104767826	21465.5370424574	32317.1925636892	8491.69739078676	9187.05591100743	8255.55394943551	2800.30832750057	7233.94305429332	6228.96804893995	1441.95790005183	118.623221243913	0	7.72403704338469	29650	173114
91	5981.14630949336	16573.3636676408	9393.97284789094	15210.7105213389	9536.87519411182	11615.1187966429	13373.0753515348	14752.1644064178	25493.722772128	540270.568190312	27751.3559132609	18143.8165284619	26939.0508066267	16114.036832937	25933.7973095225	292772.159530882	13404.0151637516	41690.2974910063	32772.0535301953	22401.2390002158	36071.9920408846	9692.17998107401	7760.22609001295	7712.28573318733	3035.98532618978	7513.6024795727	7412.04161460385	1740.90389584119	111.972592366839	0	8.21117714800354	30265	184100
92	5041.61567349763	11336.4783654249	10352.2200372937	11474.3198933515	11207.4310158412	11245.5593663501	12398.4530623942	16212.0330765507	23578.001303665	603670.975092512	27572.7610403833	15970.3954088877	29222.1899099102	13742.0391941645	30446.4641517386	283058.671515991	13292.3234164237	44804.518114228	30453.6784274592	19158.6674260513	30621.2429867654	7811.22915563718	8833.12242246822	6295.05237526585	3405.24812640946	11854.0418449339	5832.46783759753	2041.24536152724	198.881824073055	0	9.54937136471606	30162	181102
93	5004.04637774272	12727.8573670472	9033.46329148506	13537.4076180636	10786.7443640828	11725.055955986	14596.7825281723	15929.4226704114	32042.4549010211	502910.504030921	22313.520905852	16231.9029113706	26328.6201466289	12448.6689568094	27936.824364257	302363.958085491	15074.0086731868	42843.8749960841	33088.026586466	27783.6417285959	36275.014241938	8161.96390883143	7560.33808892352	7534.63001649563	2816.32631073736	7159.86950364016	7758.27167497244	2181.22855066997	117.86987246687	0	7.33332885457705	29926	184369
94	4808.9539226843	11347.6420183952	8344.98609113946	13440.853083438	11424.4620435144	11381.9775655013	14826.0646169142	17508.2615648615	26568.9998796077	519406.981609076	28139.7314922334	17930.819501602	28444.5324494063	16133.8855127827	27471.3873644963	302474.002611559	15751.2080016449	50644.5249037468	27972.9164106892	24202.5867000425	30331.8905560618	8422.28669228309	7218.98359037406	6820.06344274728	3244.05654650025	9113.57763327428	7759.57429701635	2090.26430668557	132.377482361554	0	7.58196378100039	29975	183841
95	5186.06896934586	10582.197518815	9716.78939469877	12224.0280225842	10601.6335348997	12502.6744277859	13766.4551391268	14650.5060640357	24364.4958781203	513566.425210223	24610.1473585239	16073.572273713	28795.2887048105	15784.5219114286	26987.4261278595	289076.939034887	12090.8838176161	43146.8622384098	28955.7009065752	22208.8959138755	30788.8397627859	9990.09882938883	7492.87503433804	7444.41682287372	3110.64138171235	5695.17017389209	7945.21007841971	2804.75446283561	232.607124461204	0	7.87148005837201	30321	187911
96	4451.03175628194	13520.5537929041	9968.66767294435	12377.9517338462	9490.86622833342	13159.595924444	16070.2051491378	25828.3572641871	23794.6937178037	572799.237132963	28089.8781395664	16953.3025382289	29901.8767247803	15048.2015066824	28595.7922605906	267765.817737409	15311.6061891759	44432.7754379515	29372.0027174515	21127.280366919	30690.2567825686	7700.37820812931	9413.17513398658	9198.96343002406	3088.70650730629	9166.31508781474	6677.18125665149	1204.50079766379	214.924465186654	0	9.61827599448897	29783	183895
97	5131.87677576206	11123.6514313943	7890.42486925937	11543.8904150556	10066.5496130358	10748.4964964729	13474.976231496	14474.7888284888	26339.7198628264	517899.575820455	24445.4424414588	15321.0427827695	22189.6669247744	12522.1635222124	24941.5761022812	306968.706187815	15589.9462245922	43492.8839181771	34902.1053840105	24692.035475736	32759.0666962558	8920.49187688099	7273.25792158109	7164.34711888097	3121.8854518858	6182.13742785144	5539.2216127337	600.619536820579	178.021381242114	0	7.43485739579579	29701	178632
98	4999.16809947078	11862.4587986781	8575.38254713097	10385.5498475632	10356.0715275977	13692.2765208264	14591.1229483412	16871.6155215354	23755.2118089026	536906.483979103	29237.9693852204	18032.2576327202	29431.8856449705	15430.76467434	24533.1154303765	265092.342096716	13097.0290584817	44685.0560661321	31793.1389363067	22774.964590611	30747.8163998829	9337.04152720196	7567.74475817992	8011.01888513463	3255.54719660022	7604.50460337148	8071.76526501707	1367.28132716455	112.338245544474	0	9.05734584225207	29931	192359
99	5150.27720284236	12251.3467924982	8217.22553406694	10790.5359810292	13889.3686732983	11566.3350157625	12801.8406724009	13918.1085835271	24656.9932398526	587530.770471356	25295.2575443275	14209.3393110239	27542.9763839499	14675.6025012682	28943.3380062265	278251.713118772	12909.5179655085	50860.9274208	26007.6942656675	20526.2838314733	31645.9147300592	10352.214389164	7366.13895322207	8329.40022084118	3062.93234353471	6289.01320351023	8133.25514532389	2113.4558085468	154.010140975707	0	9.4332294044334	29667	179316
100	4617.28729292195	13058.6657068294	10184.9340366503	10702.2399973834	11422.3982809075	13276.8581596417	13505.0110168802	16362.1780497952	36844.0674953315	496056.469718183	23815.5934766796	16720.7010319079	25027.0002754507	15101.4613626862	28585.9336247078	312096.735491877	12246.8001131954	39610.1859044513	27046.4685789587	20563.7536749495	30502.0806221557	8685.45390482399	9444.49387564644	7674.16372294617	3631.60101267723	7657.5848442519	6067.00567468221	1048.03259784324	232.605119798845	0	6.98583382532976	30232	198910

Average (AVG) ping-pong signature and standard deviation (DEV) per [nt] 5' overlap (last 3 columns refer to avg. ppZScore, avg. ppSequeces and avg. ppReads incl. standard deviation).
	1	2	3	4	5	6	7	8	9	10	11	12	13	14	15	16	17	18	19	20	21	22	23	24	25	26	27	28	29	30	ppZScore	ppSequences	ppReads
AVG	5120.88343632904	12507.8924209876	8974.05133158653	12321.4617007787	10375.8239007887	11880.2313507967	14398.1645896683	17599.3570675834	26685.9122369721	545780.511191897	26461.4093623991	17032.0460308288	27088.6514379779	15263.6166136638	28118.7364347235	297828.469256845	14150.1257037479	46303.0635114832	31884.6387719469	23027.9700313209	32989.4368390573	8814.01854300271	8235.55774072515	8155.78202744655	3165.34208138134	7765.99515365956	7157.34874071659	1694.80663364495	154.074387761053	0	8.15599629920941	29944.37	184529.62
DEV	538.361401882498	1335.3217536811	1067.81384927075	1137.97763407943	931.446797188986	907.454540421925	1023.65197419464	2531.18757051513	3910.58128931173	31768.3782341935	2019.68459141751	1130.03350986574	3036.30888135605	1438.02802725598	3147.79564190144	17082.6918919301	1644.63679089647	4089.89087649524	3812.77357265796	2171.60245318195	2511.28871212325	733.708195418166	932.132589765103	967.668959669203	336.881056344937	1536.95149073781	1427.60005210632	442.022824864652	47.8160469591908	0	0.680285034665991	291.847893773452	7070.02910995421


# # # # # # # # # # # # # # # # # # # # # # # # # # # # # #

